STATIONS_ID;MESS_DATUM;QN_3;  FX;  FM;QN_4; RSK;RSKF; SDK;SHK_TAG;  NM; VPM;  PM; TMK; UPM; TXK; TNK; TGK;eor
        403;20200901;-999;-999;-999;    3;   0.0;   6;    3.867;   0;   5.2;  11.5; 1008.17;   14.4;   72.42;   18.0;    9.8;    7.3;eor
        403;20200902;-999;-999;-999;    3;   7.0;   6;    2.567;   0;   6.8;  14.2; 1007.08;   13.7;   90.63;   17.7;   10.3;    8.1;eor
        403;20200903;-999;-999;-999;    3;   5.9;   6;    8.867;   0;   5.7;  13.0; 1009.02;   16.9;   70.58;   22.0;   12.3;   11.0;eor
        403;20200904;-999;-999;-999;    3;   0.6;   6;    3.900;   0;   6.9;  17.3; 1009.56;   17.8;   86.04;   22.4;   15.0;   14.3;eor
        403;20200905;-999;-999;-999;    3;   0.2;   6;    0.000;   0;   7.0;  15.2; 1006.73;   15.4;   86.29;   17.2;   11.7;    9.3;eor
        403;20200906;-999;-999;-999;    3;   0.0;   6;   10.533;   0;   3.6;  11.2; 1008.67;   14.5;   69.92;   19.0;   10.7;    8.2;eor
        403;20200907;-999;-999;-999;    3;   0.0;   0;    6.817;   0;   4.2;  11.8; 1013.17;   14.1;   75.38;   19.3;    9.3;    7.1;eor
        403;20200908;-999;-999;-999;    3;   0.0;   0;    4.300;   0;   5.7;  12.8; 1014.30;   16.1;   72.13;   22.4;    8.6;    6.3;eor
        403;20200909;-999;-999;-999;    3;   0.9;   6;    3.700;   0;   6.4;  16.6; 1010.02;   19.4;   75.71;   24.8;   13.9;   10.8;eor
        403;20200910;-999;-999;-999;    3;   0.0;   0;    6.600;   0;   2.8;  11.8; 1011.05;   13.8;   77.38;   18.5;    8.2;    5.7;eor
        403;20200911;-999;-999;-999;    3;   0.0;   0;   10.833;   0;   3.6;  11.5; 1008.51;   14.8;   72.63;   22.4;    7.7;    5.3;eor
        403;20200912;-999;-999;-999;    3;   0.0;   0;   11.200;   0;   2.2;  12.2; 1008.75;   17.3;   66.33;   26.5;    8.3;    5.6;eor
        403;20200913;-999;-999;-999;    3;   0.0;   0;   10.333;   0;   4.5;  13.4; 1015.61;   16.7;   73.46;   24.2;   10.4;    7.2;eor
        403;20200914;-999;-999;-999;    3;   0.0;   0;   11.217;   0;   3.3;  15.2; 1017.02;   19.3;   72.96;   29.1;   10.8;    8.0;eor
        403;20200915;-999;-999;-999;    3;   0.0;   0;   11.483;   0;   4.0;  17.0; 1011.53;   21.3;   71.67;   31.0;   14.3;   10.2;eor
        403;20200916;-999;-999;-999;    3;   0.0;   0;    9.317;   0;   2.8;  16.4; 1007.69;   21.2;   68.46;   28.8;   14.3;   11.0;eor
        403;20200917;-999;-999;-999;    3;   0.0;   0;   11.083;   0;   1.5;  10.2; 1017.77;   14.3;   63.58;   18.5;    8.0;    3.4;eor
        403;20200918;-999;-999;-999;    3;   0.0;   0;   12.017;   0;   3.9;   8.6; 1019.44;   11.7;   66.88;   20.0;    4.7;    1.0;eor
        403;20200919;-999;-999;-999;    3;   0.0;   0;   10.633;   0;   5.2;   8.7; 1013.78;   13.6;   59.63;   21.2;    5.4;    1.4;eor
        403;20200920;-999;-999;-999;    3;   0.0;   0;   11.333;   0;   2.0;  10.1; 1010.17;   15.3;   59.50;   22.2;    8.9;    4.8;eor
        403;20200921;-999;-999;-999;    3;   0.0;   0;   11.350;   0;   0.2;  11.8; 1007.89;   15.6;   68.96;   24.8;    8.4;    4.2;eor
        403;20200922;-999;-999;-999;    3;   0.0;   0;   11.083;   0;   0.4;  13.1; 1001.16;   16.8;   72.38;   26.3;    9.3;    6.0;eor
        403;20200923;-999;-999;-999;    3;   0.0;   0;    9.200;   0;   2.5;  14.0;  995.72;   18.0;   71.13;   26.9;   12.2;    9.1;eor
        403;20200924;-999;-999;-999;    3;   8.4;   6;    4.333;   0;   5.7;  12.8;  994.50;   16.4;   70.17;   22.0;   10.8;    7.7;eor
        403;20200925;-999;-999;-999;    3;   5.3;   6;    1.667;   0;   6.7;  13.5;  988.21;   12.5;   93.29;   15.5;    9.9;    8.2;eor
        403;20200926;-999;-999;-999;    3;  21.1;   6;    0.000;   0;   8.0;  11.4;  985.26;    9.8;   94.25;   11.1;    8.2;    8.3;eor
        403;20200927;-999;-999;-999;    3;   0.3;   6;    0.033;   0;   7.6;  10.5;  994.82;    9.4;   89.46;   12.5;    6.4;    6.2;eor
        403;20200928;-999;-999;-999;    3;   0.0;   6;    9.383;   0;   4.7;  10.9; 1002.08;   13.0;   75.33;   19.1;    8.0;    5.9;eor
        403;20200929;-999;-999;-999;    3;   0.0;   6;    4.783;   0;   5.7;  11.7; 1006.51;   13.1;   79.83;   18.2;    8.8;    6.8;eor
        403;20200930;-999;-999;-999;    3;   0.0;   0;   10.717;   0;   1.2;  11.4; 1006.07;   12.7;   81.38;   20.0;    7.0;    5.1;eor
        403;20201001;-999;-999;-999;    3;   0.0;   0;    6.800;   0;   4.3;  12.7;  997.62;   12.3;   89.42;   17.5;    7.4;    5.0;eor
        403;20201002;-999;-999;-999;    3;   0.0;   0;    0.183;   0;   6.1;  13.4;  991.90;   13.5;   87.33;   17.2;   10.4;    7.6;eor
        403;20201003;-999;-999;-999;    3;   0.0;   6;    8.067;   0;   6.0;  14.6;  984.95;   16.4;   79.54;   22.3;   12.7;   11.5;eor
        403;20201004;-999;-999;-999;    3;   0.0;   0;    6.083;   0;   4.3;  10.5;  989.52;   13.1;   71.92;   18.9;    6.9;    4.3;eor
        403;20201005;-999;-999;-999;    3;   0.2;   6;    0.567;   0;   5.9;  11.4;  994.35;   10.8;   88.79;   15.1;    6.8;    4.3;eor
        403;20201006;-999;-999;-999;    3;   0.8;   6;    3.167;   0;   5.5;  11.3;  993.29;   12.1;   81.00;   16.5;    7.2;    4.5;eor
        403;20201007;-999;-999;-999;    3;   1.2;   6;    2.483;   0;   5.9;  12.5;  998.50;   12.2;   88.33;   16.1;   10.1;    7.7;eor
        403;20201008;-999;-999;-999;    3;   6.7;   6;    2.800;   0;   6.3;  12.2; 1005.68;   12.0;   87.54;   14.6;    7.8;    4.7;eor
        403;20201009;-999;-999;-999;    3;   2.3;   6;    0.700;   0;   7.0;  13.2; 1007.19;   12.7;   89.58;   14.9;   10.7;    9.0;eor
        403;20201010;-999;-999;-999;    3;   0.0;   0;    3.033;   0;   5.5;  10.2; 1007.46;    9.6;   85.71;   12.9;    3.9;    1.7;eor
        403;20201011;-999;-999;-999;    3;   0.0;   6;    3.133;   0;   4.8;   8.6; 1008.07;    7.2;   85.33;   11.6;    3.5;    1.2;eor
        403;20201012;-999;-999;-999;    3;   0.0;   6;    3.517;   0;   4.9;   9.1; 1007.35;    8.0;   85.71;   11.8;    3.3;    1.2;eor
        403;20201013;-999;-999;-999;    3;   1.6;   6;    4.133;   0;   4.8;   8.9; 1005.30;    7.7;   85.25;   12.5;    1.3;   -0.6;eor
        403;20201014;-999;-999;-999;    3;  11.3;   6;    0.000;   0;   8.0;  11.3;  999.25;    9.8;   93.46;   10.3;    9.3;    8.3;eor
        403;20201015;-999;-999;-999;    3;   0.3;   6;    0.000;   0;   8.0;  11.9; 1005.82;   10.2;   95.17;   11.2;    9.5;    9.1;eor
        403;20201016;-999;-999;-999;    3;   1.4;   6;    0.933;   0;   7.0;  10.5; 1009.70;    8.9;   92.00;   10.9;    7.6;    6.0;eor
        403;20201017;-999;-999;-999;    3;   0.0;   6;    2.917;   0;   6.8;   9.5; 1008.52;    9.1;   83.54;   11.6;    6.9;    5.0;eor
        403;20201018;-999;-999;-999;    3;   2.4;   6;    0.067;   0;   5.7;   9.9; 1007.71;    7.8;   93.58;    9.1;    6.0;    4.5;eor
        403;20201019;-999;-999;-999;    3;   0.0;   6;    1.850;   0;   5.6;   9.4; 1012.07;    8.1;   87.96;   11.1;    4.1;    1.4;eor
        403;20201020;-999;-999;-999;    3;   3.1;   6;    1.417;   0;   6.8;   9.3; 1006.15;    8.0;   87.46;   12.4;    3.0;    0.4;eor
        403;20201021;-999;-999;-999;    3;   0.3;   6;    0.000;   0;   6.5;  11.4;  999.75;   11.6;   84.75;   14.3;    9.5;    7.3;eor
        403;20201022;-999;-999;-999;    3;   0.0;   6;    4.433;   0;   4.7;  12.6; 1002.14;   15.2;   73.42;   19.4;   12.2;    8.4;eor
        403;20201023;-999;-999;-999;    3;   6.2;   6;    0.867;   0;   6.8;  14.0; 1001.87;   13.0;   93.83;   16.7;    9.7;    6.8;eor
        403;20201024;-999;-999;-999;    3;   0.0;   0;    4.833;   0;   5.8;  12.5; 1003.21;   12.8;   85.71;   17.2;    9.9;    6.7;eor
        403;20201025;-999;-999;-999;    3;   0.0;   0;    7.033;   0;   4.9;  11.1;  998.54;   12.2;   79.58;   17.4;    9.3;    6.2;eor
        403;20201026;-999;-999;-999;    3;   1.1;   6;    0.667;   0;   7.7;  11.9;  994.46;   10.6;   93.08;   12.8;    8.7;    6.3;eor
        403;20201027;-999;-999;-999;    3;   0.1;   6;    1.517;   0;   6.5;   9.2;  998.85;    9.6;   77.29;   13.4;    7.0;    4.4;eor
        403;20201028;-999;-999;-999;    3;   2.9;   6;    2.017;   0;   5.8;   9.9;  999.89;   10.3;   79.13;   13.4;    8.4;    4.8;eor
        403;20201029;-999;-999;-999;    3;   1.9;   6;    2.633;   0;   6.5;   9.6; 1002.78;    9.9;   78.54;   11.6;    7.4;    5.5;eor
        403;20201030;-999;-999;-999;    3;  15.7;   6;    0.000;   0;   8.0;  12.9; 1006.33;   11.1;   96.38;   13.4;    7.3;    6.6;eor
        403;20201031;-999;-999;-999;    3;   1.4;   6;    0.000;   0;   7.9;  15.1; 1010.77;   13.6;   97.17;   14.7;   11.9;   10.1;eor
        403;20201101;-999;-999;-999;    3;   6.2;   6;    0.333;   0;   7.3;  13.4; 1004.40;   12.4;   92.79;   14.7;   10.1;    8.7;eor
        403;20201102;-999;-999;-999;    3;   7.8;   6;    2.767;   0;   7.0;  15.6; 1000.75;   16.5;   83.88;   20.5;   13.9;   12.9;eor
        403;20201103;-999;-999;-999;    3;   0.0;   0;    6.633;   0;   5.5;  10.1; 1011.21;   11.7;   73.50;   14.5;    9.0;    6.3;eor
        403;20201104;-999;-999;-999;    3;   0.0;   0;    7.417;   0;   2.7;   8.3; 1019.79;    8.6;   74.75;   11.7;    4.1;    0.8;eor
        403;20201105;-999;-999;-999;    3;   0.0;   6;    7.567;   0;   3.2;   8.4; 1025.87;    7.2;   84.17;   11.0;    2.6;   -0.3;eor
        403;20201106;-999;-999;-999;    3;   0.0;   6;    0.000;   0;   8.0;  10.4; 1023.87;    8.8;   91.46;    9.6;    8.3;    7.8;eor
        403;20201107;-999;-999;-999;    3;   0.0;   6;    6.367;   0;   3.4;   8.8; 1018.15;    7.3;   87.88;   13.0;    1.8;   -1.1;eor
        403;20201108;-999;-999;-999;    3;   0.0;   6;    7.800;   0;   2.5;   7.8; 1015.70;    4.9;   91.42;   11.3;    1.4;   -1.0;eor
        403;20201109;-999;-999;-999;    3;   0.0;   6;    0.000;   0;   8.0;   8.8; 1017.97;    5.7;   96.29;    6.3;    5.1;    5.2;eor
        403;20201110;-999;-999;-999;    3;   0.0;   6;    0.000;   0;   8.0;   8.3; 1019.46;    5.3;   93.04;    6.0;    4.3;    4.5;eor
        403;20201111;-999;-999;-999;    3;   0.0;   6;    0.000;   0;   7.9;   7.7; 1016.73;    6.1;   81.92;    6.8;    5.7;    5.5;eor
        403;20201112;-999;-999;-999;    3;   0.0;   6;    3.283;   0;   6.2;   8.4; 1010.91;    7.4;   82.46;   11.1;    4.0;    1.0;eor
        403;20201113;-999;-999;-999;    3;   0.2;   6;    5.083;   0;   5.2;   9.1; 1009.43;    7.2;   89.92;   12.3;    4.7;    0.9;eor
        403;20201114;-999;-999;-999;    3;   0.0;   6;    1.500;   0;   6.2;  11.7; 1008.30;   10.7;   90.79;   15.0;    8.1;    4.7;eor
        403;20201115;-999;-999;-999;    3;   0.9;   6;    4.367;   0;   5.2;   8.9; 1003.22;   10.1;   72.96;   14.4;    6.8;    4.0;eor
        403;20201116;-999;-999;-999;    3;   0.0;   6;    2.533;   0;   6.5;   9.6; 1003.30;    9.5;   81.71;   12.5;    7.0;    3.9;eor
        403;20201117;-999;-999;-999;    3;   0.5;   6;    1.517;   0;   7.0;  10.8; 1013.15;    9.8;   89.50;   11.3;    7.5;    4.7;eor
        403;20201118;-999;-999;-999;    3;   0.0;   6;    0.000;   0;   5.8;  10.0; 1013.49;   10.8;   77.63;   12.3;    7.6;    4.2;eor
        403;20201119;-999;-999;-999;    3;   0.5;   6;    0.600;   0;   4.9;   8.1; 1006.63;    9.0;   70.42;   11.8;    4.1;    2.3;eor
        403;20201120;-999;-999;-999;    3;   0.0;   8;    4.967;   0;   1.4;   6.5; 1020.22;    3.0;   86.54;    6.1;   -1.3;   -4.0;eor
        403;20201121;-999;-999;-999;    3;   0.0;   6;    1.417;   0;   6.7;   5.9; 1019.97;    3.4;   77.46;    6.5;   -0.9;   -3.5;eor
        403;20201122;-999;-999;-999;    3;   0.0;   6;    0.417;   0;   6.9;   8.2; 1012.69;    7.9;   76.17;   10.4;    6.0;    2.5;eor
        403;20201123;-999;-999;-999;    3;   0.0;   6;    5.500;   0;   3.3;   8.0; 1015.23;    6.2;   84.25;    8.6;    2.1;   -2.0;eor
        403;20201124;-999;-999;-999;    3;   0.0;   0;    6.550;   0;   3.3;   6.7; 1015.27;    2.5;   91.96;    7.6;   -0.4;   -3.5;eor
        403;20201125;-999;-999;-999;    3;   0.0;   0;    0.000;   0;   5.1;   6.4; 1010.22;    0.7;   99.33;    2.6;   -1.0;   -3.6;eor
        403;20201126;-999;-999;-999;    3;   0.8;   6;    0.000;   0;   6.5;   8.0; 1010.37;    3.8;   98.13;    7.3;   -0.6;   -3.7;eor
        403;20201127;-999;-999;-999;    3;   0.2;   6;    1.250;   0;   7.2;   8.8; 1012.28;    6.0;   93.58;    8.2;    4.2;    3.2;eor
        403;20201128;-999;-999;-999;    3;   0.0;   6;    0.000;   0;   6.8;   6.2; 1015.17;    3.7;   78.13;    5.2;   -0.1;   -3.4;eor
        403;20201129;-999;-999;-999;    3;   0.2;   8;    0.050;   0;   5.2;   6.2; 1016.31;    1.4;   92.58;    4.6;   -2.2;   -4.8;eor
        403;20201130;-999;-999;-999;    3;   0.0;   7;    0.000;   0;   7.1;   5.7; 1013.16;    1.2;   85.88;    2.3;   -2.2;   -4.9;eor
        403;20201201;-999;-999;-999;    3;   0.0;   0;    0.000;   0;   6.5;   5.7; 1007.61;    2.2;   80.46;    4.0;   -1.7;   -4.6;eor
        403;20201202;-999;-999;-999;    3;   0.0;   0;    0.533;   0;   3.3;   5.3; 1009.61;   -1.2;   93.88;    2.0;   -3.1;   -6.0;eor
        403;20201203;-999;-999;-999;    3;   0.0;   7;    0.000;   0;   7.1;   4.7;  996.85;   -0.9;   82.63;    0.9;   -3.0;   -4.3;eor
        403;20201204;-999;-999;-999;    3;   0.0;   0;    0.417;   0;   5.1;   5.5;  986.37;    0.7;   85.63;    4.0;   -2.0;   -5.0;eor
        403;20201205;-999;-999;-999;    3;   0.0;   0;    1.650;   0;   6.2;   6.2;  990.83;    3.3;   80.54;    7.9;    0.1;   -3.5;eor
        403;20201206;-999;-999;-999;    3;   0.0;   6;    3.200;   0;   5.7;   8.4;  991.71;    7.1;   83.29;   11.0;    3.7;   -0.7;eor
        403;20201207;-999;-999;-999;    3;   0.0;   6;    0.617;   0;   6.5;   7.5;  992.32;    5.5;   83.83;    8.0;    1.0;   -2.8;eor
        403;20201208;-999;-999;-999;    3;   0.9;   6;    6.167;   0;   5.3;   7.2;  997.65;    4.0;   88.38;    7.2;    1.4;   -1.5;eor
        403;20201209;-999;-999;-999;    3;   0.2;   6;    0.000;   0;   8.0;   6.6; 1001.11;    1.7;   95.29;    2.6;    0.6;    0.7;eor
        403;20201210;-999;-999;-999;    3;   0.0;   6;    0.000;   0;   8.0;   5.8;  999.81;   -0.5;   98.04;    0.6;   -1.2;   -0.8;eor
        403;20201211;-999;-999;-999;    3;   0.0;   0;    0.000;   0;   8.0;   5.8;  994.09;   -0.2;   96.17;    1.3;   -1.2;   -0.9;eor
        403;20201212;-999;-999;-999;    3;   0.0;   6;    0.267;   0;   5.8;   6.3;  992.41;    0.8;   96.71;    2.0;   -0.8;   -3.4;eor
        403;20201213;-999;-999;-999;    3;   0.0;   6;    0.000;   0;   8.0;   7.4; 1001.22;    3.0;   97.63;    4.1;    1.9;    1.6;eor
        403;20201214;-999;-999;-999;    3;   0.0;   6;    1.717;   0;   7.2;   8.0; 1003.91;    5.3;   90.21;    7.4;    3.0;    2.1;eor
        403;20201215;-999;-999;-999;    3;   0.3;   6;    0.000;   0;   6.9;   7.3; 1003.20;    5.7;   80.25;    7.4;    3.1;   -0.2;eor
        403;20201216;-999;-999;-999;    3;   0.0;   6;    0.100;   0;   6.5;   9.7; 1010.24;    7.7;   92.29;    9.6;    4.6;    1.8;eor
        403;20201217;-999;-999;-999;    3;   1.1;   6;    3.300;   0;   5.7;   7.8; 1010.82;    5.3;   87.54;    7.9;    2.2;   -0.2;eor
        403;20201218;-999;-999;-999;    3;   0.0;   0;    6.267;   0;   3.6;   7.8; 1014.17;    4.8;   90.92;    9.1;    0.9;   -2.9;eor
        403;20201219;-999;-999;-999;    3;   0.0;   0;    7.250;   0;   1.3;   6.6; 1010.83;    2.7;   89.33;    7.6;   -0.9;   -4.3;eor
        403;20201220;-999;-999;-999;    3;   1.1;   6;    3.800;   0;   6.9;   6.5; 1011.12;    3.2;   85.25;    5.3;    0.6;   -1.7;eor
        403;20201221;-999;-999;-999;    3;   5.4;   6;    5.550;   0;   5.5;   7.7; 1010.95;    4.3;   93.58;    6.7;    2.8;   -0.8;eor
        403;20201222;-999;-999;-999;    3;   3.2;   6;    0.833;   0;   7.3;  10.4; 1000.60;    9.2;   88.50;   13.4;    4.8;    3.5;eor
        403;20201223;-999;-999;-999;    3;   4.7;   6;    0.000;   0;   7.8;   9.2; 1002.00;    7.1;   90.38;    9.9;    6.1;    5.3;eor
        403;20201224;-999;-999;-999;    3;   1.4;   6;    0.550;   0;   6.8;   8.8;  995.45;    6.5;   90.38;   10.3;    3.0;    2.8;eor
        403;20201225;-999;-999;-999;    3;   0.2;   8;    0.017;   0;   7.6;   6.3; 1007.68;    2.5;   85.58;    3.9;    0.9;   -0.2;eor
        403;20201226;-999;-999;-999;    3;   0.2;   8;    0.000;   0;   6.6;   5.7; 1009.28;    0.8;   87.17;    2.1;   -0.9;   -2.8;eor
        403;20201227;-999;-999;-999;    3;   0.0;   0;    0.050;   0;   7.5;   4.1;  988.89;    1.5;   60.29;    2.4;    0.8;   -0.8;eor
        403;20201228;-999;-999;-999;    3;   2.6;   8;    1.267;   0;   7.5;   5.6;  974.82;    2.4;   77.21;    4.2;    0.9;   -1.7;eor
        403;20201229;-999;-999;-999;    3;   0.0;   6;    2.033;   0;   6.2;   6.5;  979.02;    1.9;   93.29;    3.8;   -0.8;   -3.1;eor
        403;20201230;-999;-999;-999;    3;   0.0;   6;    6.100;   0;   3.1;   6.1;  991.68;    2.1;   86.08;    5.4;   -1.2;   -4.7;eor
        403;20201231;-999;-999;-999;    3;   0.0;   6;    3.183;   0;   7.0;   6.0;  995.94;    2.4;   82.46;    4.5;    0.3;   -2.4;eor
        403;20210101;-999;-999;-999;    3;   0.5;   8;    0.000;   0;   7.3;   6.4;  997.88;    1.9;   90.71;    2.7;    0.8;   -1.0;eor
        403;20210102;-999;-999;-999;    3;   0.0;   8;    0.417;   0;   6.3;   6.0; 1004.68;    0.9;   91.21;    3.4;   -1.0;   -3.3;eor
        403;20210103;-999;-999;-999;    3;   7.5;   8;    0.000;   0;   7.8;   6.0; 1005.27;    0.7;   94.29;    1.3;   -0.6;   -1.5;eor
        403;20210104;-999;-999;-999;    3;   0.4;   8;    0.000;   4;   8.0;   6.3; 1007.04;    0.8;   97.17;    1.0;    0.5;   -0.1;eor
        403;20210105;-999;-999;-999;    3;   1.5;   8;    0.000;   2;   8.0;   6.6; 1006.36;    1.7;   95.58;    3.3;    0.8;    0.4;eor
        403;20210106;-999;-999;-999;    3;   0.6;   8;    0.000;   0;   8.0;   6.7; 1000.67;    1.8;   95.88;    3.4;    0.7;    0.6;eor
        403;20210107;-999;-999;-999;    3;   0.0;   8;    0.000;   0;   8.0;   6.0;  999.97;    1.1;   90.29;    1.6;    0.5;    0.0;eor
        403;20210108;-999;-999;-999;    3;   0.1;   8;    0.000;   0;   8.0;   6.0; 1002.17;    0.8;   92.67;    1.5;    0.3;   -0.6;eor
        403;20210109;-999;-999;-999;    3;   0.0;   8;    0.000;   0;   8.0;   6.5; 1009.76;    1.3;   96.25;    2.3;    0.4;    0.0;eor
        403;20210110;-999;-999;-999;    3;   0.1;   7;    0.733;   0;   7.0;   5.7; 1013.56;    0.6;   88.79;    1.8;   -1.3;   -2.3;eor
        403;20210111;-999;-999;-999;    3;   2.0;   8;    0.000;   0;   7.6;   5.2; 1006.76;    0.4;   83.21;    1.6;   -1.0;   -1.8;eor
        403;20210112;-999;-999;-999;    3;   2.3;   8;    0.000;   1;   7.4;   6.3;  993.85;    1.4;   93.58;    3.3;    0.3;   -1.0;eor
        403;20210113;-999;-999;-999;    3;   2.6;   8;    0.000;   0;   7.4;   5.9;  995.81;    1.6;   86.42;    3.5;    0.0;   -1.0;eor
        403;20210114;-999;-999;-999;    3;   0.0;   8;    0.250;   3;   7.7;   6.0; 1004.15;    1.2;   90.33;    2.1;   -0.4;   -1.5;eor
        403;20210115;-999;-999;-999;    3;   0.0;   7;    0.000;   0;   7.4;   4.9; 1013.22;   -0.4;   80.88;    1.4;   -2.6;   -3.9;eor
        403;20210116;-999;-999;-999;    3;   0.0;   7;    0.400;   0;   7.4;   4.0; 1012.68;   -1.7;   73.21;   -0.5;   -2.7;   -2.6;eor
        403;20210117;-999;-999;-999;    3;   0.0;   7;    0.050;   0;   6.2;   4.2; 1010.08;   -2.5;   82.33;   -0.1;   -5.0;   -7.1;eor
        403;20210118;-999;-999;-999;    3;   5.6;   8;    0.000;   0;   7.4;   5.4; 1008.72;   -1.4;   95.25;    2.7;   -5.1;   -7.3;eor
        403;20210119;-999;-999;-999;    3;   7.9;   8;    0.000;   0;   8.0;   7.0;  998.83;    2.4;   96.96;    5.2;    0.3;   -0.1;eor
        403;20210120;-999;-999;-999;    3;   0.0;   6;    0.800;   0;   6.1;   6.7;  993.17;    5.8;   73.50;    8.6;    3.2;    0.9;eor
        403;20210121;-999;-999;-999;    3;   0.9;   6;    3.183;   0;   6.8;   6.5;  987.09;    8.7;   57.63;   13.3;    5.2;    0.8;eor
        403;20210122;-999;-999;-999;    3;   0.3;   6;    0.433;   0;   5.5;   7.1;  983.49;    6.6;   73.50;   11.2;    0.4;   -3.2;eor
        403;20210123;-999;-999;-999;    3;   4.7;   8;    0.000;   0;   7.7;   6.7;  987.34;    1.6;   98.21;    2.7;   -0.1;   -2.6;eor
        403;20210124;-999;-999;-999;    3;   2.5;   8;    0.000;   0;   8.0;   6.5;  986.97;    0.9;   99.83;    1.8;   -0.2;   -1.8;eor
        403;20210125;-999;-999;-999;    3;   0.0;   8;    0.217;   0;   7.1;   6.1;  993.29;    1.1;   92.38;    2.3;    0.2;   -1.2;eor
        403;20210126;-999;-999;-999;    3;   0.0;   8;    3.767;   0;   5.9;   5.5; 1001.57;    0.9;   85.54;    2.9;   -1.9;   -4.3;eor
        403;20210127;-999;-999;-999;    3;   0.8;   8;    4.433;   0;   6.6;   5.6; 1002.68;    1.7;   82.33;    5.0;   -0.7;   -2.2;eor
        403;20210128;-999;-999;-999;    3;   0.1;   6;    0.050;   0;   7.6;   5.9;  994.40;    1.5;   85.58;    3.8;   -2.1;   -4.4;eor
        403;20210129;-999;-999;-999;    3;   3.7;   8;    0.033;   0;   7.5;   4.7;  989.16;   -1.2;   85.25;    0.9;   -2.7;   -4.2;eor
        403;20210130;-999;-999;-999;    3;   0.2;   7;    0.317;   9;   7.0;   5.1;  992.40;   -1.2;   91.83;    0.9;   -5.5;  -13.6;eor
        403;20210131;-999;-999;-999;    3;   0.0;   7;    7.917;   7;   1.5;   3.7;  995.81;   -5.2;   90.63;    0.1;   -8.4;  -14.9;eor
        403;20210201;-999;-999;-999;    3;   0.0;   7;    3.750;   6;   6.5;   3.4;  990.02;   -3.4;   74.33;    1.1;   -8.6;  -14.4;eor
        403;20210202;-999;-999;-999;    3;   1.7;   8;    0.083;   5;   7.8;   6.0;  992.16;    0.8;   92.17;    2.6;   -1.1;   -1.4;eor
        403;20210203;-999;-999;-999;    3;  10.9;   8;    0.667;   2;   7.8;   8.6;  988.56;    4.8;   98.58;    8.9;    1.3;    0.5;eor
        403;20210204;-999;-999;-999;    3;   0.3;   8;    0.000;   0;   8.0;   6.2; 1001.79;    0.9;   95.54;    2.7;    0.2;   -0.1;eor
        403;20210205;-999;-999;-999;    3;   1.7;   8;    0.000;   0;   8.0;   5.4; 1008.73;   -0.2;   89.17;    1.2;   -1.3;   -1.4;eor
        403;20210206;-999;-999;-999;    3;   0.1;   7;    0.000;   4;   8.0;   4.0; 1008.60;   -1.8;   74.04;   -0.1;   -4.4;   -4.7;eor
        403;20210207;-999;-999;-999;    3;   2.0;   7;    0.000;   3;   8.0;   2.8; 1001.20;   -6.0;   71.96;   -4.3;   -7.6;   -7.1;eor
        403;20210208;-999;-999;-999;    3;   4.1;   7;    0.000;   8;   7.8;   2.4;  994.43;   -9.0;   78.58;   -6.4;  -11.1;  -17.3;eor
        403;20210209;-999;-999;-999;    3;   0.0;   7;    0.000;  12;   8.0;   2.8;  996.39;   -8.5;   85.46;   -7.2;  -10.6;  -13.5;eor
        403;20210210;-999;-999;-999;    3;   0.1;   7;    5.150;  16;   5.3;   2.9; 1001.71;   -7.7;   84.58;   -4.2;  -12.2;  -22.0;eor
        403;20210211;-999;-999;-999;    3;   0.0;   7;    0.500;  13;   6.2;   3.8; 1016.03;   -4.5;   87.29;   -2.3;   -7.9;  -15.5;eor
        403;20210212;-999;-999;-999;    3;   0.0;   0;    9.000;  12;   3.0;   3.4; 1025.01;   -4.8;   79.04;   -1.0;   -8.6;  -16.1;eor
        403;20210213;-999;-999;-999;    3;   0.0;   7;    6.417;  11;   1.3;   3.3; 1030.08;   -6.2;   85.29;   -0.6;  -11.3;  -15.7;eor
        403;20210214;-999;-999;-999;    3;   0.0;   0;    5.817;  11;   4.7;   3.6; 1031.16;   -5.8;   91.08;   -0.6;  -10.1;  -18.0;eor
        403;20210215;-999;-999;-999;    3;   3.8;   8;    3.867;  11;   5.7;   3.2; 1021.74;   -5.0;   77.42;    1.0;  -12.2;  -19.7;eor
        403;20210216;-999;-999;-999;    3;   2.2;   6;    0.000;  15;   7.8;   6.7; 1007.93;    1.3;   98.88;    4.0;   -2.2;   -1.7;eor
        403;20210217;-999;-999;-999;    3;   0.5;   6;    0.350;  11;   7.5;   7.9; 1004.60;    4.7;   92.58;    7.1;    1.5;   -0.4;eor
        403;20210218;-999;-999;-999;    3;   3.1;   6;    5.417;   3;   7.0;   7.5; 1006.95;    6.6;   77.78;   10.6;    3.1;    1.2;eor
        403;20210219;-999;-999;-999;    3;   0.0;   6;    7.883;   0;   4.9;   7.2; 1006.87;    5.4;   81.29;    9.7;   -0.4;   -3.1;eor
        403;20210220;-999;-999;-999;    3;   0.0;   0;    7.617;   0;   6.8;   7.1; 1009.60;    5.4;   80.33;   13.4;   -1.0;   -3.2;eor
        403;20210221;-999;-999;-999;    3;   0.0;   0;    9.600;   0;   2.9;   7.4; 1008.89;    8.1;   71.21;   16.9;    1.7;   -2.2;eor
        403;20210222;-999;-999;-999;    3;   0.0;   0;    9.817;   0;   0.4;   6.9; 1012.73;    5.6;   78.71;   13.5;    0.6;   -2.7;eor
        403;20210223;-999;-999;-999;    3;   0.0;   0;    6.933;   0;   4.8;   8.5; 1020.92;    9.7;   74.00;   18.1;    3.4;   -0.3;eor
        403;20210224;-999;-999;-999;    3;   0.0;   0;    8.633;   0;   4.1;  10.0; 1021.25;   11.5;   76.54;   19.3;    6.4;    1.2;eor
        403;20210225;-999;-999;-999;    3;   0.9;   6;    9.067;   0;   0.3;   9.0; 1016.84;   10.9;   73.50;   19.4;    4.3;   -0.1;eor
        403;20210226;-999;-999;-999;    3;   0.7;   6;    1.250;   0;   6.0;   8.5; 1019.04;    7.3;   82.83;    8.9;    4.6;    1.8;eor
        403;20210227;-999;-999;-999;    3;   0.0;   6;    0.033;   0;   5.6;   7.1; 1026.33;    4.5;   83.92;    6.5;    0.3;   -3.3;eor
        403;20210228;-999;-999;-999;    3;   0.0;   6;    0.517;   0;   5.5;   6.9; 1026.55;    1.9;   97.54;    4.0;   -1.2;   -4.0;eor
        403;20210301;-999;-999;-999;    3;   0.0;   0;    5.300;   0;   4.0;   6.7; 1025.81;    4.0;   83.54;    8.4;   -1.1;   -3.9;eor
        403;20210302;-999;-999;-999;    3;   0.0;   0;    6.367;   0;   1.6;   6.2; 1024.05;    2.8;   85.75;   12.7;   -2.3;   -4.9;eor
        403;20210303;-999;-999;-999;    3;   0.0;   0;    9.000;   0;   2.0;   6.9; 1016.34;    6.1;   75.50;   14.2;   -1.4;   -4.9;eor
        403;20210304;-999;-999;-999;    3;   0.5;   6;    0.000;   0;   7.1;   6.9; 1008.27;    3.5;   87.50;    7.5;    2.1;    1.5;eor
        403;20210305;-999;-999;-999;    3;   0.0;   0;    9.500;   0;   2.0;   4.6; 1015.50;    1.6;   68.63;    6.0;   -3.2;   -6.6;eor
        403;20210306;-999;-999;-999;    3;   0.0;   6;    3.617;   0;   5.0;   5.4; 1020.25;    1.2;   79.42;    3.7;   -3.1;   -6.9;eor
        403;20210307;-999;-999;-999;    3;   0.5;   6;    0.000;   0;   7.5;   5.7; 1011.70;    2.9;   75.50;    4.1;    1.5;    0.5;eor
        403;20210308;-999;-999;-999;    3;   0.0;   0;   10.950;   0;   2.3;   4.2; 1011.99;    1.8;   62.54;    6.2;   -2.4;   -6.2;eor
        403;20210309;-999;-999;-999;    3;   0.0;   0;    9.050;   0;   4.9;   3.6; 1010.33;    0.9;   56.75;    7.1;   -3.1;   -7.3;eor
        403;20210310;-999;-999;-999;    3;   0.9;   6;    9.983;   0;   3.0;   3.9; 1008.67;    1.9;   57.71;    8.6;   -4.9;   -8.6;eor
        403;20210311;-999;-999;-999;    3;   6.6;   8;    1.617;   0;   6.6;   8.0;  990.88;    6.2;   83.71;   12.6;    2.2;    0.4;eor
        403;20210312;-999;-999;-999;    3;   0.8;   6;    3.467;   0;   6.6;   6.7;  992.99;    7.2;   67.00;   10.7;    4.1;    3.3;eor
        403;20210313;-999;-999;-999;    3;   7.4;   8;    0.900;   0;   6.7;   7.7;  986.98;    5.6;   85.33;   10.5;    3.4;    1.1;eor
        403;20210314;-999;-999;-999;    3;   4.2;   8;    1.367;   0;   7.3;   7.4;  992.56;    4.8;   86.67;    8.0;    3.3;    2.0;eor
        403;20210315;-999;-999;-999;    3;   3.9;   6;    1.600;   0;   6.9;   7.6;  996.93;    4.5;   89.83;    7.8;    2.2;   -0.2;eor
        403;20210316;-999;-999;-999;    3;   0.0;   0;    0.800;   0;   5.1;   6.3; 1006.05;    3.8;   79.29;    7.3;   -1.4;   -3.9;eor
        403;20210317;-999;-999;-999;    3;   0.4;   8;    1.833;   0;   5.0;   6.3; 1011.97;    1.3;   93.88;    5.4;   -1.6;   -4.5;eor
        403;20210318;-999;-999;-999;    3;   1.9;   8;    3.567;   0;   6.7;   6.0; 1011.04;    2.3;   84.96;    6.8;   -2.2;   -4.8;eor
        403;20210319;-999;-999;-999;    3;   0.0;   7;    4.917;   1;   5.0;   5.1; 1012.65;    0.8;   79.04;    4.6;   -2.6;   -5.3;eor
        403;20210320;-999;-999;-999;    3;   0.0;   6;    6.083;   0;   7.3;   3.7; 1015.69;    1.0;   58.33;    3.6;   -2.4;   -3.4;eor
        403;20210321;-999;-999;-999;    3;   1.6;   6;    2.667;   0;   6.7;   6.1; 1004.01;    5.3;   69.21;    9.9;    2.2;   -2.9;eor
        403;20210322;-999;-999;-999;    3;   0.1;   6;   11.567;   0;   5.2;   4.9; 1009.46;    5.0;   58.96;   10.1;   -0.1;   -3.1;eor
        403;20210323;-999;-999;-999;    3;   0.0;   6;    0.000;   0;   7.3;   7.6; 1013.47;    5.7;   83.29;    7.5;    4.3;    3.5;eor
        403;20210324;-999;-999;-999;    3;   0.0;   0;    4.900;   0;   5.0;   7.4; 1012.67;    7.5;   72.29;   12.8;    2.4;   -1.1;eor
        403;20210325;-999;-999;-999;    3;   0.7;   6;    9.100;   0;   5.3;   7.5; 1009.83;    8.2;   72.88;   15.3;    0.5;   -2.3;eor
        403;20210326;-999;-999;-999;    3;   0.2;   6;    4.317;   0;   4.5;   8.8; 1008.67;    9.6;   76.08;   15.4;    4.5;    0.6;eor
        403;20210327;-999;-999;-999;    3;   2.4;   6;    2.767;   0;   5.2;   7.5; 1007.52;    6.1;   80.83;   11.0;    2.5;    0.4;eor
        403;20210328;-999;-999;-999;    3;   0.0;   6;    6.100;   0;   5.8;   6.8; 1016.85;    7.3;   68.88;   12.6;    0.7;   -2.4;eor
        403;20210329;-999;-999;-999;    3;   0.0;   6;    5.067;   0;   5.5;   8.3; 1017.15;   13.7;   53.58;   19.9;    9.4;    3.9;eor
        403;20210330;-999;-999;-999;    3;   0.0;   0;   11.767;   0;   1.2;   9.2; 1019.55;   13.3;   62.83;   21.1;    4.9;    1.4;eor
        403;20210331;-999;-999;-999;    3;   0.0;   0;   12.083;   0;   0.7;   8.2; 1013.03;   14.0;   59.17;   23.9;    4.9;    0.9;eor
        403;20210401;-999;-999;-999;    3;   0.1;   6;    1.400;   0;   7.2;   9.0; 1007.52;   10.9;   70.08;   16.9;    5.1;    2.9;eor
        403;20210402;-999;-999;-999;    3;   0.0;   6;    8.300;   0;   4.8;   6.9; 1009.82;    5.8;   75.71;   11.5;    1.3;   -2.0;eor
        403;20210403;-999;-999;-999;    3;   0.0;   0;    9.000;   0;   2.5;   5.5; 1011.57;    5.4;   62.79;    9.8;   -1.0;   -4.8;eor
        403;20210404;-999;-999;-999;    3;   0.0;   0;   11.250;   0;   2.7;   5.9; 1009.51;    4.7;   70.21;   10.5;   -2.7;   -5.7;eor
        403;20210405;-999;-999;-999;    3;   3.2;   8;    3.217;   0;   6.3;   5.9;  992.00;    3.4;   75.58;    5.9;    0.0;   -1.5;eor
        403;20210406;-999;-999;-999;    3;   0.4;   8;    6.667;   0;   4.8;   5.5;  995.13;    1.6;   81.33;    7.3;   -1.4;   -3.1;eor
        403;20210407;-999;-999;-999;    3;   2.1;   8;    1.917;   0;   7.2;   5.9;  999.35;    2.9;   79.88;    6.3;    0.8;    0.1;eor
        403;20210408;-999;-999;-999;    3;   0.0;   8;    2.433;   0;   6.7;   5.7; 1009.00;    4.2;   69.67;    6.6;    2.1;   -0.5;eor
        403;20210409;-999;-999;-999;    3;   1.0;   6;    9.750;   0;   6.2;   5.8; 1004.82;    7.8;   55.50;   13.3;    1.1;   -1.4;eor
        403;20210410;-999;-999;-999;    3;   4.4;   6;    0.100;   0;   7.7;   8.2; 1005.18;    7.2;   80.83;    9.2;    5.2;    1.0;eor
        403;20210411;-999;-999;-999;    3;   1.6;   8;    5.683;   0;   6.8;   9.6; 1001.01;   11.1;   77.13;   20.6;    3.8;    3.8;eor
        403;20210412;-999;-999;-999;    3;   0.0;   0;    0.917;   0;   6.9;   6.2; 1012.70;    4.6;   74.13;    7.8;    1.2;   -2.2;eor
        403;20210413;-999;-999;-999;    3;   0.4;   6;    9.183;   0;   5.5;   6.0; 1017.87;    4.5;   73.46;    9.5;   -0.1;   -3.4;eor
        403;20210414;-999;-999;-999;    3;   0.0;   6;    5.500;   0;   5.8;   5.4; 1017.42;    4.6;   65.04;    8.8;    0.4;   -2.1;eor
        403;20210415;-999;-999;-999;    3;   0.2;   8;    2.633;   0;   7.5;   5.3; 1017.25;    4.1;   66.92;    8.2;    0.7;   -2.2;eor
        403;20210416;-999;-999;-999;    3;   0.0;   6;    6.483;   0;   7.2;   6.0; 1014.30;    6.9;   61.54;   11.9;    3.3;    2.5;eor
        403;20210417;-999;-999;-999;    3;   0.6;   6;    1.833;   0;   6.9;   7.7; 1011.40;    8.7;   67.88;   13.4;    5.3;    2.2;eor
        403;20210418;-999;-999;-999;    3;   5.8;   8;    1.600;   0;   6.4;   9.7; 1010.64;    7.2;   95.50;   12.0;    4.3;    0.6;eor
        403;20210419;-999;-999;-999;    3;   0.0;   6;    4.650;   0;   4.7;   9.7; 1009.68;    9.0;   85.54;   15.4;    3.3;    0.2;eor
        403;20210420;-999;-999;-999;    3;   0.0;   0;   12.550;   0;   1.3;   7.6; 1005.70;   11.1;   61.21;   18.0;    3.9;    0.4;eor
        403;20210421;-999;-999;-999;    3;   0.0;   0;    9.050;   0;   3.1;   6.6; 1004.20;   10.4;   54.63;   17.2;    3.7;   -1.2;eor
        403;20210422;-999;-999;-999;    3;   0.1;   8;    3.733;   0;   5.6;   5.9; 1009.14;    7.3;   57.54;   10.9;    4.5;    3.1;eor
        403;20210423;-999;-999;-999;    3;   0.0;   0;    8.017;   0;   4.2;   6.2; 1014.32;    8.1;   59.54;   13.6;    4.0;   -1.0;eor
        403;20210424;-999;-999;-999;    3;   0.0;   0;    6.333;   0;   5.0;   6.3; 1014.55;    7.3;   63.25;   11.6;    2.9;   -2.0;eor
        403;20210425;-999;-999;-999;    3;   0.0;   6;    5.350;   0;   4.8;   5.1; 1013.87;    6.0;   54.96;   10.9;   -0.7;   -5.5;eor
        403;20210426;-999;-999;-999;    3;   0.0;   0;    6.867;   0;   2.5;   4.7; 1011.09;    4.3;   57.54;    9.4;   -2.4;   -6.9;eor
        403;20210427;-999;-999;-999;    3;   0.0;   0;   13.933;   0;   0.5;   4.4; 1005.49;    7.0;   47.88;   13.6;   -1.3;   -6.2;eor
        403;20210428;-999;-999;-999;    3;   0.4;   6;   12.900;   0;   2.2;   5.6;  998.46;   10.8;   43.08;   17.9;    2.5;   -3.0;eor
        403;20210429;-999;-999;-999;    3;   6.7;   8;    4.500;   0;   6.6;   9.5;  993.18;   10.8;   74.00;   17.0;    8.1;    4.0;eor
        403;20210430;-999;-999;-999;    3;   0.0;   6;    0.150;   0;   7.5;   8.2; 1001.71;    8.2;   75.67;    9.6;    6.2;    3.5;eor
        403;20210501;-999;-999;-999;    3;   0.0;   6;    4.200;   0;   7.5;   8.4; 1003.64;    9.3;   73.75;   13.7;    5.2;    2.9;eor
        403;20210502;-999;-999;-999;    3;   4.5;   6;    0.000;   0;   8.0;   9.6; 1002.33;    8.0;   89.25;   10.1;    6.3;    5.9;eor
        403;20210503;-999;-999;-999;    3;   0.3;   6;    4.367;   0;   5.5;   7.5; 1007.03;    6.9;   76.96;   10.9;    3.0;   -0.4;eor
        403;20210504;-999;-999;-999;    3;   2.6;   6;    2.267;   0;   6.7;   7.8;  992.20;    9.8;   65.33;   15.2;    3.0;    0.5;eor
        403;20210505;-999;-999;-999;    3;   1.6;   6;    4.800;   0;   4.8;   7.3;  990.52;    8.5;   66.83;   12.7;    5.6;    3.5;eor
        403;20210506;-999;-999;-999;    3;   0.7;   6;    7.300;   0;   5.1;   6.9;  996.18;    7.5;   66.50;   12.0;    3.5;    0.3;eor
        403;20210507;-999;-999;-999;    3;  12.5;   8;    3.050;   0;   6.5;   7.9; 1000.21;    5.2;   89.33;    9.2;    0.9;   -0.6;eor
        403;20210508;-999;-999;-999;    3;   0.0;   0;    8.633;   0;   4.7;   6.6; 1007.19;    8.9;   62.25;   14.6;    0.9;   -2.1;eor
        403;20210509;-999;-999;-999;    3;   0.0;   0;   13.300;   0;   4.5;   9.7; 1000.10;   18.5;   45.88;   26.9;    9.5;    5.2;eor
        403;20210510;-999;-999;-999;    3;   0.0;   0;   13.217;   0;   3.5;  12.7;  997.66;   21.0;   52.67;   29.6;   11.5;    6.1;eor
        403;20210511;-999;-999;-999;    3;   0.9;   6;   12.600;   0;   5.8;  15.2;  995.53;   20.5;   65.00;   28.3;   14.2;   12.4;eor
        403;20210512;-999;-999;-999;    3;   4.0;   6;    0.000;   0;   7.9;  13.7;  997.94;   13.2;   90.63;   14.4;   11.9;   11.7;eor
        403;20210513;-999;-999;-999;    3;   5.8;   6;    0.000;   0;   8.0;  12.8;  995.17;   11.1;   96.79;   12.0;   10.5;   10.4;eor
        403;20210514;-999;-999;-999;    3;   0.5;   6;    1.283;   0;   7.5;  11.0;  996.12;   10.2;   88.58;   12.3;    7.5;    4.6;eor
        403;20210515;-999;-999;-999;    3;   0.3;   6;    8.817;   0;   4.1;   9.5;  996.00;   13.1;   66.63;   19.0;    5.3;    2.1;eor
        403;20210516;-999;-999;-999;    3;   3.5;   6;    5.933;   0;   5.3;  10.2;  992.90;   12.2;   73.58;   17.3;    6.9;    3.2;eor
        403;20210517;-999;-999;-999;    3;   2.1;   6;    5.417;   0;   5.1;  10.6;  993.79;   12.4;   76.75;   18.5;    7.2;    3.9;eor
        403;20210518;-999;-999;-999;    3;   0.0;   6;    1.750;   0;   4.8;  10.2; 1000.49;   10.8;   80.21;   15.3;    6.4;    2.9;eor
        403;20210519;-999;-999;-999;    3;   0.0;   6;   11.683;   0;   4.6;   8.7; 1004.68;   12.2;   63.83;   16.8;    6.3;    2.8;eor
        403;20210520;-999;-999;-999;    3;   0.0;   0;    9.250;   0;   5.4;   9.2; 1007.39;   12.6;   65.04;   16.9;    9.4;    6.0;eor
        403;20210521;-999;-999;-999;    3;   0.6;   6;    7.183;   0;   5.0;   9.6;  996.53;   14.4;   61.21;   20.2;    8.4;    4.1;eor
        403;20210522;-999;-999;-999;    3;   0.1;   6;    4.650;   0;   5.8;  10.0;  995.15;   12.4;   71.21;   17.0;    7.1;    3.7;eor
        403;20210523;-999;-999;-999;    3;   0.4;   6;    7.117;   0;   5.3;  10.4; 1003.15;   11.4;   78.46;   16.8;    6.7;    3.4;eor
        403;20210524;-999;-999;-999;    3;   0.5;   6;   12.917;   0;   4.5;   9.3; 1003.93;   15.0;   59.42;   21.4;    6.1;    2.1;eor
        403;20210525;-999;-999;-999;    3;   3.9;   8;    3.733;   0;   6.6;  10.3; 1001.84;   12.0;   74.04;   16.3;    9.1;    7.5;eor
        403;20210526;-999;-999;-999;    3;   0.0;   6;    5.833;   0;   6.4;   9.5; 1000.98;   12.2;   67.96;   16.6;    8.8;    8.1;eor
        403;20210527;-999;-999;-999;    3;   3.9;   8;    1.883;   0;   6.3;  11.0; 1003.21;   11.5;   81.46;   15.4;    8.1;    5.5;eor
        403;20210528;-999;-999;-999;    3;   4.6;   6;    3.833;   0;   5.9;  11.6; 1010.76;   11.2;   87.96;   15.2;    7.5;    4.0;eor
        403;20210529;-999;-999;-999;    3;   0.0;   6;    6.950;   0;   5.4;  10.0; 1014.18;   12.0;   73.75;   16.5;    6.9;    3.8;eor
        403;20210530;-999;-999;-999;    3;   0.0;   0;   14.683;   0;   1.0;   7.8; 1016.31;   14.0;   50.38;   20.0;    6.7;    2.4;eor
        403;20210531;-999;-999;-999;    3;   0.0;   0;   15.733;   0;   1.7;   8.6; 1013.47;   14.1;   58.00;   21.7;    5.1;    1.6;eor
        403;20210601;-999;-999;-999;    3;   0.0;   6;    9.717;   0;   6.6;  10.8; 1008.88;   16.8;   59.71;   23.9;    9.1;    5.9;eor
        403;20210602;-999;-999;-999;    3;   0.0;   6;   11.200;   0;   3.5;  11.6; 1010.06;   17.8;   58.92;   25.4;   11.2;    8.3;eor
        403;20210603;-999;-999;-999;    3;   0.6;   6;   14.717;   0;   2.9;  11.1; 1013.03;   20.3;   49.08;   27.2;   11.5;    6.7;eor
        403;20210604;-999;-999;-999;    3;   0.0;   6;    6.267;   0;   5.3;  14.0; 1011.83;   18.9;   64.33;   24.0;   14.3;   11.1;eor
        403;20210605;-999;-999;-999;    3;   0.0;   0;   13.250;   0;   4.4;  13.8; 1009.47;   21.1;   57.63;   27.7;   13.0;    9.4;eor
        403;20210606;-999;-999;-999;    3;   0.0;   0;   10.933;   0;   4.7;  14.0; 1009.71;   21.5;   57.50;   28.6;   13.4;    9.6;eor
        403;20210607;-999;-999;-999;    3;   0.0;   0;   15.667;   0;   1.3;  10.6; 1010.89;   20.3;   46.63;   26.7;   13.5;    9.3;eor
        403;20210608;-999;-999;-999;    3;   0.0;   0;   13.817;   0;   2.0;  13.3; 1011.53;   20.9;   55.96;   26.5;   13.6;    9.4;eor
        403;20210609;-999;-999;-999;    3;   0.0;   6;   15.917;   0;   2.2;  11.1; 1011.33;   20.3;   49.38;   26.8;   11.8;    8.0;eor
        403;20210610;-999;-999;-999;    3;   0.0;   0;   10.850;   0;   4.4;  13.4; 1009.30;   21.7;   53.79;   27.0;   14.8;   11.4;eor
        403;20210611;-999;-999;-999;    3;   0.0;   0;   13.450;   0;   4.4;  13.8; 1007.52;   21.6;   55.75;   26.9;   15.9;   13.1;eor
        403;20210612;-999;-999;-999;    3;   1.8;   6;    3.500;   0;   5.8;  14.5; 1005.63;   18.4;   68.25;   21.7;   13.1;   11.8;eor
        403;20210613;-999;-999;-999;    3;   0.0;   6;    5.817;   0;   4.0;  10.6; 1013.81;   14.9;   63.67;   20.0;   10.5;    6.5;eor
        403;20210614;-999;-999;-999;    3;   0.0;   0;   15.167;   0;   1.8;  11.9; 1011.69;   18.6;   60.33;   27.0;    8.7;    5.4;eor
        403;20210615;-999;-999;-999;    3;   0.0;   0;    6.450;   0;   6.4;  15.0; 1009.04;   19.1;   68.38;   23.6;   13.4;    9.4;eor
        403;20210616;-999;-999;-999;    3;   0.0;   0;   15.483;   0;   2.5;  11.3; 1008.55;   20.8;   48.54;   28.7;   11.2;    6.6;eor
        403;20210617;-999;-999;-999;    3;   0.0;   0;   15.333;   0;   0.5;  15.8; 1005.95;   25.8;   50.67;   33.9;   17.3;   12.8;eor
        403;20210618;-999;-999;-999;    3;   0.0;   0;   15.883;   0;   0.7;  14.8; 1004.74;   26.7;   47.46;   34.5;   17.3;   12.9;eor
        403;20210619;-999;-999;-999;    3;   0.0;   6;   11.767;   0;   3.4;  17.4; 1003.24;   27.1;   52.17;   35.2;   18.0;   13.8;eor
        403;20210620;-999;-999;-999;    3;   0.4;   6;    9.117;   0;   5.5;  19.8;  999.08;   27.5;   56.29;   33.8;   20.5;   16.6;eor
        403;20210621;-999;-999;-999;    3;   0.0;   6;   10.833;   0;   4.0;  18.3;  997.01;   25.1;   59.17;   30.6;   19.9;   15.5;eor
        403;20210622;-999;-999;-999;    3;   0.0;   6;    0.367;   0;   5.7;  16.2; 1004.15;   18.3;   77.08;   21.3;   13.1;    9.5;eor
        403;20210623;-999;-999;-999;    3;   1.3;   6;    4.667;   0;   5.9;  13.7; 1010.18;   16.5;   74.42;   20.4;   12.3;    8.8;eor
        403;20210624;-999;-999;-999;    3;   2.9;   6;    0.067;   0;   7.4;  16.3; 1008.91;   16.9;   84.67;   19.7;   13.5;   11.5;eor
        403;20210625;-999;-999;-999;    3;   0.0;   6;    4.317;   0;   6.9;  14.8; 1007.68;   19.7;   66.58;   24.7;   15.5;   14.3;eor
        403;20210626;-999;-999;-999;    3;   0.0;   0;   11.867;   0;   3.3;  12.7; 1009.02;   20.4;   55.79;   26.5;   13.5;   10.2;eor
        403;20210627;-999;-999;-999;    3;   0.0;   0;   15.517;   0;   2.4;  13.6; 1007.90;   21.0;   58.00;   28.3;   12.8;    9.1;eor
        403;20210628;-999;-999;-999;    3;   0.0;   0;    9.417;   0;   4.4;  14.8; 1005.74;   23.8;   54.33;   31.7;   14.6;   10.8;eor
        403;20210629;-999;-999;-999;    3;  25.6;   6;    4.817;   0;   6.3;  18.2; 1001.00;   22.7;   68.00;   28.6;   18.1;   14.1;eor
        403;20210630;-999;-999;-999;    3;  34.8;   6;    0.000;   0;   7.6;  19.6;  998.17;   17.8;   96.25;   18.8;   16.8;   16.7;eor
        403;20210701;-999;-999;-999;    3;   8.8;   6;    0.000;   0;   7.9;  16.5; 1000.77;   15.4;   93.88;   16.9;   14.1;   14.2;eor
        403;20210702;-999;-999;-999;    3;   0.0;   0;    8.950;   0;   5.1;  15.3; 1005.03;   19.3;   70.88;   24.2;   15.2;   12.6;eor
        403;20210703;-999;-999;-999;    3;   0.0;   0;   12.217;   0;   3.1;  14.2; 1005.33;   19.4;   65.79;   24.8;   14.4;   13.0;eor
        403;20210704;-999;-999;-999;    3;   0.0;   0;   13.300;   0;   4.6;  14.6; 1001.30;   21.5;   59.92;   27.4;   15.0;   13.0;eor
        403;20210705;-999;-999;-999;    3;   2.0;   6;    6.633;   0;   5.8;  17.1; 1000.07;   19.4;   77.42;   24.9;   15.5;   12.7;eor
        403;20210706;-999;-999;-999;    3;   5.6;   6;   10.033;   0;   4.8;  17.5; 1000.83;   22.7;   67.08;   30.1;   15.5;   13.0;eor
        403;20210707;-999;-999;-999;    3;   6.1;   6;    3.483;   0;   6.1;  18.2; 1008.37;   18.3;   87.13;   22.7;   15.3;   13.0;eor
        403;20210708;-999;-999;-999;    3;   3.9;   6;    2.717;   0;   6.5;  18.4; 1011.27;   18.2;   88.13;   20.8;   14.5;   11.9;eor
        403;20210709;-999;-999;-999;    3;  11.9;   6;    0.000;   0;   7.8;  18.8; 1006.03;   17.5;   93.75;   20.7;   14.4;   14.4;eor
        403;20210710;-999;-999;-999;    3;   0.0;   0;    9.250;   0;   5.5;  15.4; 1007.00;   18.8;   73.83;   24.8;   14.4;   12.7;eor
        403;20210711;-999;-999;-999;    3;   0.2;   6;   11.267;   0;   5.5;  15.0; 1006.75;   21.8;   61.71;   28.5;   14.2;   11.6;eor
        403;20210712;-999;-999;-999;    3;   0.1;   6;    5.550;   0;   5.0;  19.5; 1003.40;   21.3;   78.54;   26.6;   16.8;   13.9;eor
        403;20210713;-999;-999;-999;    3;   3.2;   6;   12.167;   0;   4.3;  17.7;  999.54;   23.5;   64.58;   30.1;   15.8;   13.2;eor
        403;20210714;-999;-999;-999;    3;   0.0;   6;    4.600;   0;   5.8;  19.8;  999.66;   21.2;   79.58;   25.8;   16.6;   14.4;eor
        403;20210715;-999;-999;-999;    3;   0.0;   6;    9.367;   0;   4.1;  17.9; 1002.82;   21.1;   73.75;   27.3;   15.4;   13.2;eor
        403;20210716;-999;-999;-999;    3;   6.6;   6;    9.250;   0;   4.9;  20.9; 1006.91;   22.6;   78.38;   29.2;   16.7;   14.2;eor
        403;20210717;-999;-999;-999;    3;   0.0;   6;    6.517;   0;   5.0;  20.1; 1008.82;   23.1;   72.50;   28.4;   18.0;   14.2;eor
        403;20210718;-999;-999;-999;    3;   0.0;   0;   12.267;   0;   2.4;  16.5; 1009.08;   21.7;   65.04;   26.8;   16.4;   14.2;eor
        403;20210719;-999;-999;-999;    3;   0.0;   0;    3.483;   0;   5.9;  13.0; 1009.49;   16.9;   68.04;   19.9;   12.7;   11.2;eor
        403;20210720;-999;-999;-999;    3;   0.0;   6;    4.783;   0;   5.4;  13.6; 1009.58;   17.2;   70.33;   21.0;   13.5;   10.4;eor
        403;20210721;-999;-999;-999;    3;   0.0;   6;    3.283;   0;   6.0;  14.9; 1012.39;   17.9;   73.79;   21.9;   12.3;    9.7;eor
        403;20210722;-999;-999;-999;    3;   0.0;   0;    2.850;   0;   6.6;  16.3; 1011.28;   19.7;   71.96;   23.1;   15.7;   12.0;eor
        403;20210723;-999;-999;-999;    3;   0.0;   0;   11.833;   0;   2.3;  15.3; 1007.32;   19.4;   71.13;   25.0;   13.9;   10.7;eor
        403;20210724;-999;-999;-999;    3;   0.0;   0;   10.933;   0;   2.8;  15.3; 1002.79;   23.0;   58.25;   30.0;   14.0;   10.6;eor
        403;20210725;-999;-999;-999;    3;   4.0;   6;    8.483;   0;   6.3;  18.7; 1000.15;   23.0;   68.21;   30.9;   18.1;   13.4;eor
        403;20210726;-999;-999;-999;    3;   0.0;   6;    6.183;   0;   5.6;  19.1; 1001.07;   23.1;   70.75;   29.8;   18.1;   15.1;eor
        403;20210727;-999;-999;-999;    3;   0.0;   6;   10.550;   0;   4.9;  16.7; 1002.23;   22.4;   64.13;   28.0;   17.3;   14.1;eor
        403;20210728;-999;-999;-999;    3;   0.0;   6;    5.200;   0;   5.3;  16.0; 1001.52;   20.7;   66.25;   24.6;   17.0;   13.6;eor
        403;20210729;-999;-999;-999;    3;   0.0;   0;    8.400;   0;   3.7;  13.7; 1000.93;   19.9;   60.58;   24.5;   12.6;    8.7;eor
        403;20210730;-999;-999;-999;    3;   0.0;   0;   13.400;   0;   3.0;  13.4;  999.11;   19.4;   61.38;   26.0;   12.0;    7.8;eor
        403;20210731;-999;-999;-999;    3;   0.0;   0;    7.683;   0;   3.7;  13.4;  997.01;   20.3;   57.21;   23.9;   15.7;   12.3;eor
        403;20210801;-999;-999;-999;    3;   9.5;   6;    3.783;   0;   5.8;  15.7;  998.45;   17.4;   80.17;   22.8;   14.0;   10.1;eor
        403;20210802;-999;-999;-999;    3;   0.0;   0;    7.750;   0;   4.9;  12.9; 1001.81;   16.9;   69.79;   21.8;   11.5;    8.1;eor
        403;20210803;-999;-999;-999;    3;   0.0;   6;    5.017;   0;   5.6;  12.8; 1004.13;   16.9;   69.00;   22.2;   10.7;    7.3;eor
        403;20210804;-999;-999;-999;    3;   0.0;   0;    5.367;   0;   5.6;  14.8; 1003.88;   18.3;   71.92;   23.4;   14.0;   10.8;eor
        403;20210805;-999;-999;-999;    3;   0.3;   6;    6.617;   0;   6.3;  15.4; 1000.57;   17.9;   76.88;   23.6;   13.5;   10.2;eor
        403;20210806;-999;-999;-999;    3;   9.6;   6;    8.350;   0;   5.2;  15.6;  996.47;   18.9;   76.17;   26.3;   13.8;   11.2;eor
        403;20210807;-999;-999;-999;    3;   5.8;   6;    7.817;   0;   5.1;  16.0;  995.88;   19.1;   75.54;   24.3;   13.4;   10.7;eor
        403;20210808;-999;-999;-999;    3;   0.5;   6;    8.067;   0;   4.5;  14.3; 1000.11;   18.4;   70.63;   23.7;   13.8;   11.1;eor
        403;20210809;-999;-999;-999;    3;   1.9;   6;    6.650;   0;   4.9;  13.6; 1007.95;   17.1;   72.92;   23.2;   11.6;    8.3;eor
        403;20210810;-999;-999;-999;    3;   2.7;   6;    6.300;   0;   5.3;  14.7; 1007.04;   17.7;   75.54;   23.7;   12.1;    9.4;eor
        403;20210811;-999;-999;-999;    3;   0.0;   0;   10.100;   0;   3.4;  14.5; 1009.61;   17.3;   76.71;   22.9;   13.0;   10.0;eor
        403;20210812;-999;-999;-999;    3;   0.0;   0;   12.933;   0;   3.7;  13.8; 1011.53;   19.5;   66.17;   27.3;   11.5;    8.9;eor
        403;20210813;-999;-999;-999;    3;   0.0;   0;    9.950;   0;   5.8;  16.8; 1009.95;   22.8;   63.17;   29.4;   15.2;   12.7;eor
        403;20210814;-999;-999;-999;    3;   0.0;   0;   12.933;   0;   3.6;  15.1; 1009.37;   21.0;   62.38;   26.7;   15.7;   13.1;eor
        403;20210815;-999;-999;-999;    3;   0.0;   0;   10.917;   0;   4.3;  15.1; 1004.06;   19.7;   68.17;   25.7;   13.2;   10.3;eor
        403;20210816;-999;-999;-999;    3;   2.4;   6;    6.667;   0;   5.1;  14.6;  998.06;   17.7;   74.75;   24.9;   11.9;   10.5;eor
        403;20210817;-999;-999;-999;    3;   0.2;   6;    0.150;   0;   6.9;  12.8; 1001.43;   15.0;   75.08;   18.1;   11.9;   11.0;eor
        403;20210818;-999;-999;-999;    3;   0.0;   6;    3.567;   0;   6.4;  13.2; 1002.27;   17.0;   68.33;   20.1;   13.7;   12.8;eor
        403;20210819;-999;-999;-999;    3;   0.0;   6;    2.050;   0;   7.0;  15.2; 1002.35;   18.3;   72.54;   22.1;   15.7;   15.4;eor
        403;20210820;-999;-999;-999;    3;   0.0;   6;    4.233;   0;   6.5;  16.1; 1006.15;   17.6;   80.79;   20.8;   14.3;   11.7;eor
        403;20210821;-999;-999;-999;    3;   0.0;   0;    8.950;   0;   4.9;  15.0; 1009.44;   18.7;   71.79;   23.6;   13.0;   10.6;eor
        403;20210822;-999;-999;-999;    3;  22.6;   6;    3.067;   0;   6.8;  16.5; 1006.48;   17.8;   81.17;   21.5;   15.5;   13.4;eor
        403;20210823;-999;-999;-999;    3;   0.1;   6;    1.567;   0;   6.8;  14.3; 1010.27;   16.6;   76.21;   19.8;   14.6;   13.9;eor
        403;20210824;-999;-999;-999;    3;   0.0;   0;   11.333;   0;   3.3;  11.5; 1016.51;   16.5;   63.42;   21.6;   10.2;    8.0;eor
        403;20210825;-999;-999;-999;    3;   4.6;   6;    6.283;   0;   5.4;  12.4; 1008.27;   14.9;   75.38;   21.6;    8.0;    6.0;eor
        403;20210826;-999;-999;-999;    3;  17.1;   6;    3.350;   0;   7.2;  14.2;  998.98;   14.4;   87.13;   17.0;   12.5;   12.3;eor
        403;20210827;-999;-999;-999;    3;   0.4;   6;    4.417;   0;   6.8;  13.5; 1001.30;   14.5;   83.04;   18.5;   12.1;   12.1;eor
        403;20210828;-999;-999;-999;    3;   0.5;   6;    2.950;   0;   7.5;  14.7; 1005.52;   15.4;   85.08;   19.3;   12.3;   13.1;eor
        403;20210829;-999;-999;-999;    3;  11.8;   6;    0.983;   0;   7.7;  16.7; 1004.57;   15.5;   94.71;   19.1;   14.3;   14.2;eor
        403;20210830;-999;-999;-999;    3;   2.4;   6;    0.033;   0;   7.7;  16.7; 1005.52;   15.5;   94.42;   17.5;   13.7;   12.3;eor
        403;20210831;-999;-999;-999;    3;   0.0;   6;    6.083;   0;   5.9;  13.5; 1009.86;   15.9;   76.17;   20.0;   11.4;    8.7;eor
        403;20210901;-999;-999;-999;    3;   0.0;   0;    6.800;   0;   4.0;  14.5; 1014.87;   15.3;   83.88;   20.2;   11.7;    9.1;eor
        403;20210902;-999;-999;-999;    3;   0.0;   0;   11.467;   0;   2.7;  14.5; 1016.46;   15.0;   85.83;   20.0;   10.6;    8.5;eor
        403;20210903;-999;-999;-999;    3;   0.0;   0;   11.117;   0;   0.2;  13.5; 1010.39;   15.9;   78.13;   23.6;    9.8;    7.5;eor
        403;20210904;-999;-999;-999;    3;   0.0;   0;    2.350;   0;   5.2;  13.7; 1009.28;   13.7;   87.63;   18.2;   10.6;    8.2;eor
        403;20210905;-999;-999;-999;    3;   0.0;   0;    7.467;   0;   4.0;  12.9; 1013.08;   15.3;   76.13;   22.4;    8.7;    6.6;eor
        403;20210906;-999;-999;-999;    3;   0.0;   0;    9.900;   0;   3.8;  12.9; 1014.00;   16.0;   72.92;   22.0;    9.3;    7.0;eor
        403;20210907;-999;-999;-999;    3;   0.0;   0;    8.633;   0;   4.5;  14.3; 1014.12;   16.5;   77.83;   21.5;   11.4;    9.1;eor
        403;20210908;-999;-999;-999;    3;   0.0;   0;   11.900;   0;   0.8;  14.2; 1010.70;   17.2;   75.92;   25.3;   10.2;    8.0;eor
        403;20210909;-999;-999;-999;    3;   0.0;   0;   12.000;   0;   0.8;  14.1; 1004.07;   18.4;   70.54;   27.0;   10.9;    7.9;eor
        403;20210910;-999;-999;-999;    3;   7.1;   6;    7.800;   0;   2.6;  18.8; 1003.87;   19.1;   86.29;   27.3;   13.8;   11.4;eor
        403;20210911;-999;-999;-999;    3;   1.2;   6;    4.483;   0;   5.0;  19.5; 1005.82;   18.9;   89.88;   23.8;   15.4;   13.5;eor
        403;20210912;-999;-999;-999;    3;   0.0;   6;    2.000;   0;   5.4;  17.3; 1006.81;   17.6;   86.83;   21.4;   14.2;   12.0;eor
        403;20210913;-999;-999;-999;    3;   0.0;   0;    6.250;   0;   4.3;  14.6; 1008.62;   15.6;   83.58;   19.3;   10.7;    8.7;eor
        403;20210914;-999;-999;-999;    3;   0.0;   0;   11.317;   0;   1.4;  13.6; 1008.51;   15.7;   78.58;   22.1;    9.7;    7.6;eor
        403;20210915;-999;-999;-999;    3;   7.9;   6;    3.133;   0;   7.0;  18.2; 1002.73;   18.1;   87.63;   23.6;   14.1;   12.2;eor
        403;20210916;-999;-999;-999;    3;   0.0;   6;    1.600;   0;   7.1;  15.6; 1002.91;   17.4;   78.38;   19.2;   15.7;   15.2;eor
        403;20210917;-999;-999;-999;    3;   0.0;   6;    0.000;   0;   7.3;  12.6; 1003.48;   14.8;   74.79;   16.4;   13.0;   12.7;eor
        403;20210918;-999;-999;-999;    3;   0.6;   6;    0.550;   0;   7.5;  13.0; 1006.29;   14.0;   81.67;   17.2;   12.1;   11.7;eor
        403;20210919;-999;-999;-999;    3;   0.0;   0;    1.150;   0;   7.3;   9.5; 1008.72;   13.1;   63.21;   15.5;   11.4;   10.6;eor
        403;20210920;-999;-999;-999;    3;   0.0;   6;    1.633;   0;   6.8;  10.5; 1012.07;   12.5;   72.38;   15.8;   10.6;    9.9;eor
        403;20210921;-999;-999;-999;    3;   0.6;   6;    2.917;   0;   7.4;  11.4; 1016.47;   12.6;   79.25;   15.6;   10.5;    9.9;eor
        403;20210922;-999;-999;-999;    3;   0.0;   6;    3.667;   0;   5.3;  12.8; 1015.21;   13.3;   85.00;   18.0;    9.2;    6.4;eor
        403;20210923;-999;-999;-999;    3;   0.9;   6;    3.983;   0;   5.5;  12.0; 1003.99;   14.5;   75.42;   19.3;    8.5;    6.1;eor
        403;20210924;-999;-999;-999;    3;   0.0;   6;    3.533;   0;   6.9;  12.7; 1003.35;   15.0;   74.08;   17.3;   12.0;   10.9;eor
        403;20210925;-999;-999;-999;    3;   0.0;   6;    0.600;   0;   6.1;  16.2; 1006.18;   17.1;   83.25;   20.3;   12.7;   10.0;eor
        403;20210926;-999;-999;-999;    3;   0.0;   6;    8.967;   0;   3.9;  15.6; 1008.09;   18.0;   78.54;   24.8;   12.6;   10.5;eor
        403;20210927;-999;-999;-999;    3;   0.0;   6;    0.600;   0;   7.1;  17.3; 1007.60;   16.9;   89.92;   20.0;   14.1;   11.2;eor
        403;20210928;-999;-999;-999;    3;   0.9;   6;    1.267;   0;   7.0;  14.7; 1011.92;   14.9;   87.08;   18.3;   10.9;    8.6;eor
        403;20210929;-999;-999;-999;    3;  15.9;   6;    1.467;   0;   6.2;  14.5; 1008.31;   13.4;   94.04;   16.6;    9.3;    7.8;eor
        403;20210930;-999;-999;-999;    3;   0.0;   0;    5.933;   0;   4.0;   9.3; 1014.20;   10.8;   73.50;   16.3;    6.8;    4.4;eor
        403;20211001;-999;-999;-999;    3;   0.0;   0;   10.233;   0;   6.0;   9.1; 1011.23;   11.8;   68.54;   18.8;    6.4;    4.1;eor
        403;20211002;-999;-999;-999;    3;   0.0;   0;    7.467;   0;   6.4;  11.7; 1003.28;   13.6;   76.71;   20.1;    8.0;    5.3;eor
        403;20211003;-999;-999;-999;    3;   0.1;   6;    3.133;   0;   6.8;  12.4;  998.66;   17.5;   62.17;   24.2;   13.5;   11.4;eor
        403;20211004;-999;-999;-999;    3;   0.6;   6;    0.000;   0;   7.3;  13.7; 1007.81;   14.1;   85.58;   16.9;   12.4;   11.9;eor
        403;20211005;-999;-999;-999;    3;   5.6;   6;    0.000;   0;   7.5;  14.1; 1001.15;   12.6;   96.13;   14.3;   10.5;    8.4;eor
        403;20211006;-999;-999;-999;    3;   0.0;   0;    5.233;   0;   4.2;  11.8; 1007.07;   12.3;   84.29;   17.1;    6.9;    4.4;eor
        403;20211007;-999;-999;-999;    3;   0.0;   0;   10.617;   0;   1.5;  10.5; 1018.37;   11.2;   81.75;   18.2;    4.9;    2.8;eor
        403;20211008;-999;-999;-999;    3;   0.0;   0;    9.567;   0;   1.4;  10.0; 1022.41;   11.7;   74.04;   17.1;    6.5;    2.8;eor
        403;20211009;-999;-999;-999;    3;   0.0;   0;   10.383;   0;   0.5;   7.4; 1023.26;    8.6;   69.71;   15.8;    3.9;    0.9;eor
        403;20211010;-999;-999;-999;    3;   0.0;   0;    9.867;   0;   1.0;   7.1; 1018.65;    7.0;   75.29;   14.8;    2.2;   -1.0;eor
        403;20211011;-999;-999;-999;    3;   1.2;   6;    4.817;   0;   4.5;   9.4; 1011.33;    8.2;   86.33;   13.5;    1.6;   -0.6;eor
        403;20211012;-999;-999;-999;    3;   0.1;   8;    4.717;   0;   4.3;   8.7; 1005.59;    8.6;   78.71;   12.7;    4.8;    2.1;eor
        403;20211013;-999;-999;-999;    3;   1.1;   6;    7.317;   0;   4.0;   8.3; 1010.97;    7.6;   80.25;   11.8;    3.7;    1.4;eor
        403;20211014;-999;-999;-999;    3;   2.2;   6;    0.033;   0;   7.6;  12.2; 1009.77;   10.8;   94.25;   13.0;    8.4;    7.7;eor
        403;20211015;-999;-999;-999;    3;   1.5;   6;    1.717;   0;   5.0;  10.9; 1004.56;   10.7;   85.29;   13.3;    6.6;    3.9;eor
        403;20211016;-999;-999;-999;    3;   0.1;   4;    3.300;   0;   5.8;   9.4; 1010.98;    8.9;   83.04;   12.3;    5.7;    3.3;eor
        403;20211017;-999;-999;-999;    3;   0.9;   6;    1.100;   0;   6.8;   9.4; 1010.60;    9.4;   80.29;   12.2;    5.0;    2.6;eor
        403;20211018;-999;-999;-999;    3;   0.0;   0;    4.183;   0;   7.0;  10.1; 1013.68;   10.9;   79.17;   16.0;    8.3;    6.3;eor
        403;20211019;-999;-999;-999;    3;   0.1;   6;    2.500;   0;   7.2;  11.8; 1008.83;   12.5;   81.29;   16.3;    7.7;    5.5;eor
        403;20211020;-999;-999;-999;    3;   1.1;   6;    1.750;   0;   6.6;  13.3;  996.76;   15.7;   75.25;   19.1;   12.8;   10.8;eor
        403;20211021;-999;-999;-999;    3;   1.3;   6;    1.167;   0;   6.2;  10.7;  987.23;   12.8;   72.50;   17.0;    6.8;    5.6;eor
        403;20211022;-999;-999;-999;    3;   5.7;   6;    0.033;   0;   5.2;   8.2;  999.95;    7.4;   80.21;   10.4;    5.9;    4.3;eor
        403;20211023;-999;-999;-999;    3;   0.0;   6;    7.200;   0;   3.0;   8.3; 1014.41;    7.2;   82.75;   11.2;    3.8;    1.2;eor
        403;20211024;-999;-999;-999;    3;   0.0;   0;    9.500;   0;   3.5;   7.8; 1018.23;    6.6;   82.50;   13.0;    2.2;   -0.5;eor
        403;20211025;-999;-999;-999;    3;   0.0;   0;    5.783;   0;   4.3;   7.6; 1010.57;    5.3;   86.13;   10.9;    0.5;   -2.1;eor
        403;20211026;-999;-999;-999;    3;   0.2;   6;    0.533;   0;   6.9;  10.3; 1009.94;    9.1;   89.25;   14.1;    3.4;    1.0;eor
        403;20211027;-999;-999;-999;    3;   0.0;   0;    1.217;   0;   7.6;  11.4; 1012.90;   12.1;   81.08;   13.9;    9.5;    7.6;eor
        403;20211028;-999;-999;-999;    3;   0.0;   0;    9.083;   0;   1.9;  10.2; 1010.74;   10.1;   84.04;   16.9;    5.2;    1.6;eor
        403;20211029;-999;-999;-999;    3;   0.0;   0;    8.983;   0;   1.3;   8.8; 1004.19;    8.2;   83.08;   15.5;    4.1;    0.7;eor
        403;20211030;-999;-999;-999;    3;   0.0;   0;    8.200;   0;   4.6;   8.3;  999.72;    9.6;   70.54;   15.1;    4.1;    0.9;eor
        403;20211031;-999;-999;-999;    3;   0.0;   0;    8.017;   0;   4.5;  10.2;  998.54;   13.1;   67.58;   18.2;    9.7;    5.3;eor
        403;20211101;-999;-999;-999;    3;   0.7;   6;    0.017;   0;   6.0;  10.7;  992.88;   10.0;   87.08;   12.3;    7.6;    4.3;eor
        403;20211102;-999;-999;-999;    3;   0.0;   6;    0.917;   0;   7.0;  10.6;  991.59;    9.1;   91.92;   12.1;    4.6;    1.7;eor
        403;20211103;-999;-999;-999;    3;   0.0;   6;    1.733;   0;   5.0;   8.6;  993.78;    6.5;   88.83;   12.0;    1.3;   -1.0;eor
        403;20211104;-999;-999;-999;    3;  40.4;   6;    0.000;   0;   7.9;   9.6;  989.30;    7.0;   95.63;    8.7;    6.2;    5.5;eor
        403;20211105;-999;-999;-999;    3;   0.0;   6;    0.000;   0;   6.9;   9.7; 1007.00;    8.1;   90.17;    9.9;    6.5;    5.7;eor
        403;20211106;-999;-999;-999;    3;   0.0;   6;    0.683;   0;   6.9;   9.0; 1013.90;    9.1;   78.67;   11.2;    7.3;    5.7;eor
        403;20211107;-999;-999;-999;    3;   8.3;   8;    0.533;   0;   6.2;   8.9; 1001.91;    8.2;   82.21;   10.8;    6.7;    4.7;eor
        403;20211108;-999;-999;-999;    3;   0.5;   6;    0.283;   0;   7.2;   9.7; 1008.94;    8.6;   87.21;   10.9;    7.0;    6.3;eor
        403;20211109;-999;-999;-999;    3;   0.0;   0;    2.533;   0;   4.7;   9.6; 1018.04;    7.6;   92.21;   11.6;    2.9;    0.1;eor
        403;20211110;-999;-999;-999;    3;   0.0;   0;    8.000;   0;   4.2;   7.3; 1015.59;    4.0;   90.71;    9.8;    0.4;   -1.9;eor
        403;20211111;-999;-999;-999;    3;   0.1;   6;    5.633;   0;   5.5;   8.1; 1013.90;    4.7;   94.21;    9.0;   -0.9;   -2.6;eor
        403;20211112;-999;-999;-999;    3;   0.1;   6;    0.000;   0;   6.3;   9.4; 1010.41;    6.7;   95.21;    8.6;    2.7;    1.1;eor
        403;20211113;-999;-999;-999;    3;   0.0;   0;    3.100;   0;   6.8;   7.7; 1005.38;    4.5;   91.88;    8.5;    2.6;    0.8;eor
        403;20211114;-999;-999;-999;    3;   0.0;   6;    0.167;   0;   7.7;   8.5; 1014.59;    6.2;   89.21;    7.3;    5.4;    5.1;eor
        403;20211115;-999;-999;-999;    3;   0.0;   6;    0.000;   0;   8.0;   7.7; 1018.92;    5.7;   84.13;    6.0;    5.3;    5.2;eor
        403;20211116;-999;-999;-999;    3;   0.0;   6;    0.000;   0;   7.9;   8.3; 1013.57;    6.1;   87.88;    7.9;    4.9;    5.0;eor
        403;20211117;-999;-999;-999;    3;   0.0;   6;    0.000;   0;   7.6;   8.1; 1009.51;    5.6;   88.79;    7.5;    4.1;    4.0;eor
        403;20211118;-999;-999;-999;    3;   2.7;   6;    0.000;   0;   6.9;   9.3; 1013.12;    7.9;   87.50;   10.1;    5.8;    4.3;eor
        403;20211119;-999;-999;-999;    3;   0.0;   6;    0.000;   0;   7.8;  11.4; 1012.81;   11.4;   84.46;   12.7;    9.6;    9.1;eor
        403;20211120;-999;-999;-999;    3;   0.0;   6;    0.217;   0;   7.8;  10.7; 1010.06;   10.9;   81.54;   11.8;    9.7;    9.1;eor
        403;20211121;-999;-999;-999;    3;   0.4;   6;    0.000;   0;   7.3;   9.4; 1000.39;    7.8;   89.29;    9.7;    4.3;    1.5;eor
        403;20211122;-999;-999;-999;    3;   0.2;   6;    5.800;   0;   3.0;   6.5; 1012.53;    3.6;   82.83;    6.3;   -0.7;   -3.2;eor
        403;20211123;-999;-999;-999;    3;   1.1;   6;    0.000;   0;   7.0;   8.5; 1015.88;    4.8;   97.54;    7.0;    0.0;   -2.5;eor
        403;20211124;-999;-999;-999;    3;   0.2;   6;    0.233;   0;   7.7;   9.3; 1012.00;    6.8;   93.58;    8.4;    5.9;    5.3;eor
        403;20211125;-999;-999;-999;    3;   0.0;   6;    0.583;   0;   7.5;   6.5;  999.37;    4.3;   77.63;    6.0;    3.3;    1.6;eor
        403;20211126;-999;-999;-999;    3;   0.0;   8;    2.517;   0;   6.8;   6.3;  988.63;    4.2;   76.29;    6.5;    1.9;    0.9;eor
        403;20211127;-999;-999;-999;    3;   4.5;   8;    0.800;   0;   6.6;   6.1;  982.89;    1.6;   89.46;    3.7;   -0.3;   -2.8;eor
        403;20211128;-999;-999;-999;    3;   0.3;   8;    7.067;   0;   4.9;   6.5;  986.85;    1.8;   94.46;    4.5;   -0.9;   -3.2;eor
        403;20211129;-999;-999;-999;    3;   0.8;   8;    0.417;   0;   7.5;   6.8;  992.75;    2.2;   94.38;    3.4;    1.5;    0.6;eor
        403;20211130;-999;-999;-999;    3;   4.9;   8;    0.000;   0;   6.8;   6.7;  989.74;    3.4;   86.00;    6.3;    1.3;   -1.0;eor
        403;20211201;-999;-999;-999;    3;   3.6;   8;    0.000;   0;   7.5;   7.8;  982.87;    5.7;   84.96;    8.8;    1.2;   -1.0;eor
        403;20211202;-999;-999;-999;    3;   0.0;   0;    6.500;   0;   2.5;   5.0;  986.81;    2.2;   69.63;    6.0;   -1.8;   -3.9;eor
        403;20211203;-999;-999;-999;    3;   0.5;   8;    4.017;   0;   5.3;   5.1;  996.94;    0.9;   78.50;    3.8;   -1.9;   -3.9;eor
        403;20211204;-999;-999;-999;    3;   2.9;   8;    0.000;   0;   8.0;   6.5;  990.45;    1.5;   95.25;    2.4;    0.4;    0.1;eor
        403;20211205;-999;-999;-999;    3;   0.2;   8;    0.000;   1;   8.0;   6.3;  994.65;    0.8;   98.08;    1.6;    0.2;    0.1;eor
        403;20211206;-999;-999;-999;    3;   0.0;   7;    0.000;   0;   7.5;   6.0; 1004.70;    1.0;   90.88;    2.2;   -0.2;   -1.3;eor
        403;20211207;-999;-999;-999;    3;   0.0;   0;    0.000;   0;   7.4;   5.5; 1001.86;   -0.3;   93.04;    0.5;   -1.4;   -2.5;eor
        403;20211208;-999;-999;-999;    3;   0.0;   7;    0.000;   0;   7.6;   5.3;  995.99;   -0.1;   87.00;    1.3;   -1.0;   -1.6;eor
        403;20211209;-999;-999;-999;    3;   2.6;   7;    0.000;   0;   8.0;   5.3;  996.01;   -1.1;   93.13;   -0.6;   -1.6;   -2.1;eor
        403;20211210;-999;-999;-999;    3;   0.0;   7;    0.000;   4;   7.9;   6.0;  990.59;   -0.2;   98.88;    0.6;   -1.2;   -1.5;eor
        403;20211211;-999;-999;-999;    3;   0.0;   0;    0.000;   2;   8.0;   5.8; 1003.71;   -0.7;   99.50;    0.0;   -1.9;   -2.0;eor
        403;20211212;-999;-999;-999;    3;   0.3;   6;    0.000;   1;   7.3;   6.5; 1012.67;    0.8;   98.21;    5.2;   -2.1;   -3.3;eor
        403;20211213;-999;-999;-999;    3;   1.4;   6;    0.000;   0;   8.0;  10.0; 1015.68;    6.8;  100.00;    9.1;    5.0;    4.8;eor
        403;20211214;-999;-999;-999;    3;   0.5;   6;    0.000;   0;   7.8;   9.6; 1016.00;    7.2;   94.92;    8.2;    6.5;    5.7;eor
        403;20211215;-999;-999;-999;    3;   0.0;   6;    0.000;   0;   7.8;  10.1; 1018.79;    8.5;   91.50;    9.7;    7.5;    6.0;eor
        403;20211216;-999;-999;-999;    3;   0.1;   6;    2.083;   0;   5.7;   9.2; 1023.23;    7.4;   89.29;    9.4;    4.9;    1.7;eor
        403;20211217;-999;-999;-999;    3;   0.0;   6;    0.000;   0;   7.2;   7.7; 1026.77;    5.4;   86.17;    6.2;    4.8;    4.6;eor
        403;20211218;-999;-999;-999;    3;   0.4;   6;    0.000;   0;   7.9;   8.8; 1023.30;    5.9;   94.46;    7.7;    4.8;    4.6;eor
        403;20211219;-999;-999;-999;    3;   1.3;   6;    0.000;   0;   6.3;   8.2; 1011.68;    6.0;   87.38;    7.4;    1.2;   -0.7;eor
        403;20211220;-999;-999;-999;    3;   0.0;   7;    4.050;   0;   2.9;   5.8; 1014.50;    1.2;   87.29;    3.0;   -0.9;   -3.0;eor
        403;20211221;-999;-999;-999;    3;   0.0;   7;    0.000;   0;   7.8;   6.0; 1016.41;    0.3;   95.83;    0.9;   -0.9;   -0.5;eor
        403;20211222;-999;-999;-999;    1;   0.0;   0;    6.483;   0;   5.7;   4.9; 1016.47;   -0.8;   84.83;    1.5;   -3.5;   -5.6;eor
        403;20211223;-999;-999;-999;    1;   8.8;   8;    0.000;   0;   7.6;   5.0; 1001.19;   -1.1;   88.33;    1.1;   -3.5;   -6.1;eor
        403;20211224;-999;-999;-999;    1;   6.1;   8;    0.000;   0;   7.5;   6.8;  990.45;    2.0;   93.79;    5.7;   -4.7;   -5.8;eor
        403;20211225;-999;-999;-999;    1;   0.0;   0;    7.483;   0;   1.0;   3.3; 1003.37;   -6.1;   85.00;   -1.7;   -9.2;  -11.0;eor
        403;20211226;-999;-999;-999;    1;   0.0;   0;    7.383;   0;   0.0;   2.9; 1004.35;   -6.8;   80.38;   -1.1;  -10.2;  -12.1;eor
        403;20211227;-999;-999;-999;    1;   0.0;   8;    0.183;   0;   5.9;   3.8;  998.13;   -3.7;   79.67;   -0.7;   -7.9;   -9.9;eor
        403;20211228;-999;-999;-999;    1;   1.5;   6;    0.000;   0;   6.4;   5.3;  990.17;   -0.5;   88.46;    2.7;   -3.9;   -5.1;eor
        403;20211229;-999;-999;-999;    1;   0.3;   6;    0.000;   0;   7.5;   8.2;  994.40;    4.0;  100.00;    5.6;    1.8;    0.0;eor
        403;20211230;-999;-999;-999;    1;   3.2;   6;    0.000;   0;   7.9;  11.5; 1001.70;    9.0;   98.54;   12.7;    4.6;    2.3;eor
        403;20211231;-999;-999;-999;    1;   5.5;   6;    0.000;   0;   7.7;  12.5; 1004.72;   12.8;   84.96;   14.0;   11.5;   10.7;eor
        403;20220101;-999;-999;-999;    1;   0.0;   4;    0.000;   0;   7.3;  12.2; 1011.64;   11.7;   88.75;   12.6;    9.6;    7.4;eor
        403;20220102;-999;-999;-999;    1;   4.4;   6;    0.000;   0;   6.6;  10.3; 1002.55;    9.6;   85.92;   11.7;    7.5;    4.9;eor
        403;20220103;-999;-999;-999;    1;   0.9;   6;    0.633;   0;   5.5;   9.0;  996.40;    8.6;   80.63;   10.7;    5.5;    2.3;eor
        403;20220104;-999;-999;-999;    1;   1.9;   6;    0.000;   0;   7.4;   8.8;  986.75;    5.8;   95.21;    6.7;    3.6;    1.5;eor
        403;20220105;-999;-999;-999;    1;   0.8;   6;    1.333;   0;   6.9;   6.6;  988.35;    3.6;   83.71;    4.9;    2.2;    0.9;eor
        403;20220106;-999;-999;-999;    1;   0.0;   0;    7.367;   0;   1.4;   4.9; 1004.10;    0.7;   77.08;    3.9;   -1.7;   -4.5;eor
        403;20220107;-999;-999;-999;    1;   1.7;   8;    0.383;   0;   6.1;   5.8; 1003.68;    0.3;   92.71;    2.6;   -2.2;   -5.4;eor
        403;20220108;-999;-999;-999;    1;   0.0;   0;    2.117;   1;   5.9;   6.1;  998.22;    1.1;   92.71;    3.2;   -0.9;   -2.8;eor
        403;20220109;-999;-999;-999;    1;   0.2;   6;    0.000;   0;   6.9;   5.7;  989.45;    1.3;   83.71;    4.1;   -1.2;   -3.1;eor
        403;20220110;-999;-999;-999;    1;   0.8;   6;    0.000;   0;   7.0;   7.3; 1010.24;    3.1;   94.63;    4.9;   -1.8;   -3.1;eor
        403;20220111;-999;-999;-999;    1;   0.0;   7;    1.333;   0;   6.6;   4.8; 1025.17;   -2.3;   93.21;   -1.1;   -3.1;   -5.2;eor
        403;20220112;-999;-999;-999;    1;   0.1;   8;    0.033;   0;   7.8;   6.3; 1026.09;    0.8;   96.04;    3.6;   -2.3;   -2.0;eor
        403;20220113;-999;-999;-999;    1;   0.0;   6;    0.000;   0;   8.0;   7.5; 1024.00;    4.1;   91.50;    5.0;    3.3;    3.0;eor
        403;20220114;-999;-999;-999;    1;   0.1;   6;    0.000;   0;   7.1;   7.9; 1019.33;    5.3;   88.04;    6.9;    2.0;   -1.8;eor
        403;20220115;-999;-999;-999;    1;   0.0;   0;    0.233;   0;   6.2;   6.1; 1018.71;    1.7;   88.67;    3.4;   -0.6;   -3.5;eor
        403;20220116;-999;-999;-999;    1;   0.5;   6;    0.000;   0;   7.4;   6.4; 1010.28;    2.0;   90.04;    5.3;   -1.2;   -2.5;eor
        403;20220117;-999;-999;-999;    1;   3.3;   6;    1.350;   0;   4.6;   6.6; 1011.96;    4.0;   79.88;    6.2;    0.1;   -2.0;eor
        403;20220118;-999;-999;-999;    1;   0.0;   6;    0.133;   0;   5.8;   6.5; 1024.30;    2.9;   86.00;    5.3;   -0.9;   -2.8;eor
        403;20220119;-999;-999;-999;    1;   1.3;   8;    2.483;   0;   7.8;   6.6; 1012.06;    3.8;   82.50;    5.0;    2.4;    1.6;eor
        403;20220120;-999;-999;-999;    1;   0.8;   8;    2.550;   1;   5.0;   4.9; 1005.40;    1.3;   73.42;    3.9;   -1.8;   -3.9;eor
        403;20220121;-999;-999;-999;    1;   2.1;   8;    8.150;   4;   3.2;   4.4; 1013.68;    0.2;   70.79;    3.4;   -2.9;   -5.9;eor
        403;20220122;-999;-999;-999;    1;   0.5;   6;    1.650;   0;   6.8;   6.7; 1016.95;    2.9;   88.67;    4.3;    1.8;    0.1;eor
        403;20220123;-999;-999;-999;    1;   1.3;   6;    0.017;   0;   7.6;   8.7; 1022.19;    5.3;   97.63;    6.4;    4.3;    2.4;eor
        403;20220124;-999;-999;-999;    1;   0.4;   6;    0.467;   0;   7.7;   8.5; 1024.09;    5.1;   96.71;    6.1;    4.2;    4.0;eor
        403;20220125;-999;-999;-999;    1;   0.7;   6;    0.000;   0;   7.9;   7.7; 1021.33;    3.8;   95.46;    4.5;    2.9;    2.6;eor
        403;20220126;-999;-999;-999;    1;   0.2;   6;    0.000;   0;   7.9;   7.0; 1017.09;    2.7;   94.25;    3.8;    1.6;    1.3;eor
        403;20220127;-999;-999;-999;    1;   1.2;   6;    0.000;   0;   7.5;   7.1; 1005.96;    4.3;   86.00;    6.3;    2.9;    2.6;eor
        403;20220128;-999;-999;-999;    1;   1.1;   6;    5.400;   0;   6.5;   5.6; 1012.79;    4.8;   65.30;    6.4;    3.0;    1.5;eor
        403;20220129;-999;-999;-999;    1;   4.7;   6;    0.000;   0;   7.4;   7.9; 1005.13;    5.8;   84.42;    9.9;    2.6;    1.3;eor
        403;20220130;-999;-999;-999;    1;   0.0;   6;    0.350;   0;   7.1;   5.4; 1003.37;    5.8;   58.13;    6.9;    4.0;    3.2;eor
        403;20220131;-999;-999;-999;    1;   0.2;   8;    0.000;   0;   7.1;   5.4;  997.74;    2.9;   71.83;    4.4;    1.3;   -2.4;eor
        403;20220201;-999;-999;-999;    1;   4.4;   8;    0.000;   0;   7.3;   7.0;  995.93;    3.3;   90.00;    6.6;    1.3;    0.6;eor
        403;20220202;-999;-999;-999;    1;   0.3;   6;    1.450;   0;   5.9;   6.4;  998.66;    4.8;   74.42;    6.5;    1.2;   -0.8;eor
        403;20220203;-999;-999;-999;    1;   4.2;   6;    0.117;   0;   7.0;   8.0; 1005.63;    4.2;   94.83;    6.6;    0.7;   -1.4;eor
        403;20220204;-999;-999;-999;    1;   0.8;   6;    0.000;   0;   8.0;   8.1;  997.89;    6.4;   84.79;    8.1;    3.2;    2.6;eor
        403;20220205;-999;-999;-999;    1;   2.7;   8;    1.217;   0;   7.3;   6.1; 1003.45;    4.4;   73.75;    6.0;    1.7;    0.3;eor
        403;20220206;-999;-999;-999;    1;   6.8;   8;    0.083;   0;   7.8;   7.6;  990.07;    5.3;   85.04;    7.7;    3.8;    2.9;eor
        403;20220207;-999;-999;-999;    1;   0.2;   8;    2.067;   0;   5.8;   6.0; 1000.35;    3.9;   74.46;    6.6;    2.4;    0.7;eor
        403;20220208;-999;-999;-999;    1;   1.6;   6;    0.000;   0;   7.5;   8.7; 1011.89;    6.1;   89.88;    9.2;    2.5;    0.7;eor
        403;20220209;-999;-999;-999;    1;   0.0;   6;    0.000;   0;   7.7;   9.4; 1012.71;    8.9;   82.38;    9.8;    8.1;    7.4;eor
        403;20220210;-999;-999;-999;    1;   1.0;   6;    0.067;   0;   7.7;   8.3; 1008.38;    7.3;   81.58;   10.2;    2.9;    2.3;eor
        403;20220211;-999;-999;-999;    1;   0.0;   8;    2.067;   0;   5.5;   6.8; 1012.68;    3.5;   86.08;    5.7;   -0.9;   -3.4;eor
        403;20220212;-999;-999;-999;    1;   0.0;   0;    8.483;   0;   2.0;   5.0; 1020.53;    0.7;   79.08;    5.3;   -2.9;   -5.5;eor
        403;20220213;-999;-999;-999;    1;   0.0;   0;    9.183;   0;   5.3;   5.3; 1006.71;    3.4;   69.50;    7.7;   -0.8;   -4.1;eor
        403;20220214;-999;-999;-999;    1;   0.0;   0;    7.500;   0;   5.9;   5.7;  996.58;    8.1;   53.58;   13.4;    3.8;    0.8;eor
        403;20220215;-999;-999;-999;    1;   0.8;   6;    2.283;   0;   5.7;   7.2;  999.26;    7.0;   72.29;    9.8;    4.6;    0.6;eor
        403;20220216;-999;-999;-999;    1;   9.7;   8;    0.000;   0;   7.6;   9.0;  987.55;    7.5;   86.13;   12.9;    4.5;    3.4;eor
        403;20220217;-999;-999;-999;    1;   1.3;   8;    2.050;   0;   5.4;   7.5;  982.72;    8.3;   67.67;   13.1;    5.1;    3.4;eor
        403;20220218;-999;-999;-999;    1;   3.1;   6;    1.433;   0;   5.0;   7.3;  990.36;    6.8;   73.92;   10.9;    3.6;    1.0;eor
        403;20220219;-999;-999;-999;    1;   2.8;   6;    1.300;   0;   6.6;   5.2;  995.12;    6.0;   55.50;    7.9;    3.2;    0.0;eor
        403;20220220;-999;-999;-999;    1;   7.0;   8;    0.450;   0;   7.9;   8.2;  993.65;    5.4;   91.33;    8.9;    2.1;    2.0;eor
        403;20220221;-999;-999;-999;    1;   3.4;   8;    0.650;   0;   6.9;   7.0;  984.37;    5.7;   76.46;   10.8;    3.2;    2.3;eor
        403;20220222;-999;-999;-999;    1;   2.2;   8;    3.817;   0;   6.6;   6.8; 1000.32;    5.6;   74.96;    7.4;    4.1;    3.0;eor
        403;20220223;-999;-999;-999;    1;   0.0;   0;    7.267;   0;   3.3;   6.5; 1010.04;    5.9;   70.75;    9.7;   -0.3;   -3.2;eor
        403;20220224;-999;-999;-999;    1;   0.2;   6;    1.817;   0;   5.1;   6.5; 1001.98;    5.7;   71.88;   10.0;   -0.1;   -3.5;eor
        403;20220225;-999;-999;-999;    1;   1.8;   6;    3.250;   0;   5.8;   6.2; 1006.66;    4.3;   74.71;    6.9;    2.1;   -0.1;eor
        403;20220226;-999;-999;-999;    1;   0.0;   0;    0.433;   0;   5.5;   6.5; 1021.58;    4.1;   79.79;    6.8;   -0.4;   -3.3;eor
        403;20220227;-999;-999;-999;    1;   0.0;   0;    8.433;   0;   3.2;   6.2; 1027.33;    1.1;   93.17;    6.8;   -2.1;   -4.4;eor
        403;20220228;-999;-999;-999;    1;   0.0;   0;    8.150;   0;   3.2;   4.9; 1026.35;    1.6;   73.04;    6.3;   -1.1;   -4.2;eor
        403;20220301;-999;-999;-999;    1;   0.0;   0;    9.600;   0;   1.7;   3.8; 1022.59;    1.4;   58.21;    8.1;   -3.0;   -6.0;eor
        403;20220302;-999;-999;-999;    1;   0.0;   0;    8.383;   0;   4.0;   4.2; 1016.00;    1.6;   65.08;    8.6;   -2.4;   -4.8;eor
        403;20220303;-999;-999;-999;    1;   0.0;   0;    1.800;   0;   4.6;   5.3; 1011.96;   -0.5;   90.00;    2.3;   -2.9;   -5.9;eor
        403;20220304;-999;-999;-999;    1;   0.0;   0;    0.167;   0;   6.9;   5.3; 1014.18;    1.9;   77.42;    4.3;   -1.3;   -3.7;eor
